1 634 943 0.67232
2 615 943 0.65217
3 648 943 0.68717
4 656 943 0.69565
5 652 943 0.69141
6 656 943 0.69565
7 656 943 0.69565
8 655 943 0.69459
9 667 943 0.70732
10 663 943 0.70308
11 671 943 0.71156
12 662 943 0.70201
13 664 943 0.70414
14 660 943 0.69989
15 662 943 0.70201
16 665 943 0.7052
17 656 943 0.69565
18 663 943 0.70308
19 658 943 0.69777
20 665 943 0.7052
21 668 943 0.70838
22 671 943 0.71156
23 669 943 0.70944
24 669 943 0.70944
25 670 943 0.7105
26 666 943 0.70626
27 669 943 0.70944
28 665 943 0.7052
29 662 943 0.70201
30 662 943 0.70201
31 659 943 0.69883
32 662 943 0.70201
33 658 943 0.69777
34 664 943 0.70414
35 664 943 0.70414
36 669 943 0.70944
37 668 943 0.70838
38 667 943 0.70732
39 672 943 0.71262
40 670 943 0.7105
41 670 943 0.7105
42 669 943 0.70944
43 676 943 0.71686
44 673 943 0.71368
45 674 943 0.71474
46 672 943 0.71262
47 673 943 0.71368
48 680 943 0.7211
49 671 943 0.71156
50 672 943 0.71262
51 668 943 0.70838
52 670 943 0.7105
53 674 943 0.71474
54 674 943 0.71474
55 673 943 0.71368
56 676 943 0.71686
57 674 943 0.71474
58 669 943 0.70944
59 675 943 0.7158
60 667 943 0.70732
61 669 943 0.70944
62 672 943 0.71262
63 669 943 0.70944
64 668 943 0.70838
65 673 943 0.71368
66 668 943 0.70838
67 664 943 0.70414
68 667 943 0.70732
69 663 943 0.70308
70 668 943 0.70838
71 665 943 0.7052
72 664 943 0.70414
73 665 943 0.7052
74 667 943 0.70732
75 665 943 0.7052
76 667 943 0.70732
77 664 943 0.70414
78 662 943 0.70201
79 659 943 0.69883
80 660 943 0.69989
81 662 943 0.70201
82 660 943 0.69989
83 666 943 0.70626
84 667 943 0.70732
85 667 943 0.70732
86 669 943 0.70944
87 664 943 0.70414
88 667 943 0.70732
89 670 943 0.7105
90 668 943 0.70838
91 671 943 0.71156
92 669 943 0.70944
93 665 943 0.7052
94 665 943 0.7052
95 661 943 0.70095
96 664 943 0.70414
97 664 943 0.70414
98 663 943 0.70308
99 662 943 0.70201
100 663 943 0.70308
101 666 943 0.70626
102 671 943 0.71156
103 669 943 0.70944
104 663 943 0.70308
105 665 943 0.7052
106 662 943 0.70201
107 663 943 0.70308
108 662 943 0.70201
109 664 943 0.70414
110 662 943 0.70201
111 663 943 0.70308
112 665 943 0.7052
113 662 943 0.70201
114 662 943 0.70201
115 662 943 0.70201
116 665 943 0.7052
117 663 943 0.70308
118 661 943 0.70095
119 663 943 0.70308
120 663 943 0.70308
121 665 943 0.7052
122 665 943 0.7052
123 665 943 0.7052
124 662 943 0.70201
125 666 943 0.70626
126 664 943 0.70414
127 667 943 0.70732
128 668 943 0.70838
129 665 943 0.7052
130 664 943 0.70414
131 663 943 0.70308
132 664 943 0.70414
133 668 943 0.70838
134 668 943 0.70838
135 669 943 0.70944
136 668 943 0.70838
137 672 943 0.71262
138 666 943 0.70626
139 670 943 0.7105
140 669 943 0.70944
141 667 943 0.70732
142 667 943 0.70732
143 668 943 0.70838
144 670 943 0.7105
145 667 943 0.70732
146 666 943 0.70626
147 664 943 0.70414
148 668 943 0.70838
149 666 943 0.70626
150 663 943 0.70308
151 664 943 0.70414
152 663 943 0.70308
153 664 943 0.70414
154 664 943 0.70414
155 665 943 0.7052
156 667 943 0.70732
157 666 943 0.70626
158 668 943 0.70838
159 667 943 0.70732
160 667 943 0.70732
161 665 943 0.7052
162 667 943 0.70732
163 666 943 0.70626
164 666 943 0.70626
165 669 943 0.70944
166 668 943 0.70838
167 666 943 0.70626
168 669 943 0.70944
169 668 943 0.70838
170 672 943 0.71262
171 671 943 0.71156
172 673 943 0.71368
173 669 943 0.70944
174 666 943 0.70626
175 666 943 0.70626
176 666 943 0.70626
177 668 943 0.70838
178 669 943 0.70944
179 669 943 0.70944
180 671 943 0.71156
181 671 943 0.71156
182 671 943 0.71156
183 668 943 0.70838
184 669 943 0.70944
185 670 943 0.7105
186 667 943 0.70732
187 669 943 0.70944
188 668 943 0.70838
189 670 943 0.7105
190 670 943 0.7105
191 672 943 0.71262
192 671 943 0.71156
193 674 943 0.71474
194 671 943 0.71156
195 669 943 0.70944
196 669 943 0.70944
197 669 943 0.70944
198 674 943 0.71474
199 671 943 0.71156
200 672 943 0.71262
201 673 943 0.71368
202 669 943 0.70944
203 673 943 0.71368
204 672 943 0.71262
205 674 943 0.71474
206 672 943 0.71262
207 673 943 0.71368
208 674 943 0.71474
209 675 943 0.7158
210 673 943 0.71368
211 674 943 0.71474
212 672 943 0.71262
213 670 943 0.7105
214 673 943 0.71368
215 672 943 0.71262
216 675 943 0.7158
217 674 943 0.71474
218 675 943 0.7158
219 672 943 0.71262
220 673 943 0.71368
221 673 943 0.71368
222 675 943 0.7158
223 675 943 0.7158
224 675 943 0.7158
225 672 943 0.71262
226 672 943 0.71262
227 671 943 0.71156
228 670 943 0.7105
229 671 943 0.71156
230 672 943 0.71262
231 670 943 0.7105
232 667 943 0.70732
233 666 943 0.70626
234 665 943 0.7052
235 670 943 0.7105
236 666 943 0.70626
237 668 943 0.70838
238 671 943 0.71156
239 670 943 0.7105
240 668 943 0.70838
241 668 943 0.70838
242 668 943 0.70838
243 670 943 0.7105
244 669 943 0.70944
245 670 943 0.7105
246 670 943 0.7105
247 670 943 0.7105
248 669 943 0.70944
249 669 943 0.70944
250 669 943 0.70944
251 670 943 0.7105
252 667 943 0.70732
253 668 943 0.70838
254 668 943 0.70838
255 669 943 0.70944
256 668 943 0.70838
257 670 943 0.7105
258 670 943 0.7105
259 669 943 0.70944
260 667 943 0.70732
261 664 943 0.70414
262 664 943 0.70414
263 663 943 0.70308
264 664 943 0.70414
265 666 943 0.70626
266 667 943 0.70732
267 667 943 0.70732
268 667 943 0.70732
269 667 943 0.70732
270 673 943 0.71368
271 671 943 0.71156
272 673 943 0.71368
273 670 943 0.7105
274 668 943 0.70838
275 668 943 0.70838
276 667 943 0.70732
277 670 943 0.7105
278 664 943 0.70414
279 666 943 0.70626
280 670 943 0.7105
281 670 943 0.7105
282 668 943 0.70838
283 668 943 0.70838
284 666 943 0.70626
285 670 943 0.7105
286 670 943 0.7105
287 671 943 0.71156
288 669 943 0.70944
289 669 943 0.70944
290 669 943 0.70944
291 668 943 0.70838
292 669 943 0.70944
293 669 943 0.70944
294 670 943 0.7105
295 670 943 0.7105
296 670 943 0.7105
297 671 943 0.71156
298 671 943 0.71156
299 667 943 0.70732
300 668 943 0.70838
301 669 943 0.70944
302 667 943 0.70732
303 669 943 0.70944
304 669 943 0.70944
305 669 943 0.70944
306 670 943 0.7105
307 674 943 0.71474
308 673 943 0.71368
309 673 943 0.71368
310 673 943 0.71368
311 672 943 0.71262
312 674 943 0.71474
313 678 943 0.71898
314 678 943 0.71898
315 679 943 0.72004
316 679 943 0.72004
317 678 943 0.71898
318 677 943 0.71792
319 678 943 0.71898
320 679 943 0.72004
321 678 943 0.71898
322 677 943 0.71792
323 673 943 0.71368
324 674 943 0.71474
325 676 943 0.71686
326 675 943 0.7158
327 675 943 0.7158
328 674 943 0.71474
329 675 943 0.7158
330 678 943 0.71898
331 676 943 0.71686
332 678 943 0.71898
333 677 943 0.71792
334 676 943 0.71686
335 677 943 0.71792
336 679 943 0.72004
337 678 943 0.71898
338 677 943 0.71792
339 677 943 0.71792
340 679 943 0.72004
341 679 943 0.72004
342 679 943 0.72004
343 679 943 0.72004
344 679 943 0.72004
345 677 943 0.71792
346 677 943 0.71792
347 675 943 0.7158
348 677 943 0.71792
349 677 943 0.71792
350 675 943 0.7158
351 675 943 0.7158
352 677 943 0.71792
353 676 943 0.71686
354 674 943 0.71474
355 676 943 0.71686
356 676 943 0.71686
357 675 943 0.7158
358 674 943 0.71474
359 676 943 0.71686
360 675 943 0.7158
361 674 943 0.71474
362 670 943 0.7105
363 670 943 0.7105
364 673 943 0.71368
365 671 943 0.71156
366 671 943 0.71156
367 670 943 0.7105
368 671 943 0.71156
369 670 943 0.7105
370 672 943 0.71262
371 672 943 0.71262
372 670 943 0.7105
373 669 943 0.70944
374 666 943 0.70626
375 668 943 0.70838
376 667 943 0.70732
377 667 943 0.70732
378 667 943 0.70732
379 668 943 0.70838
380 670 943 0.7105
381 667 943 0.70732
382 668 943 0.70838
383 670 943 0.7105
384 667 943 0.70732
385 668 943 0.70838
386 667 943 0.70732
387 668 943 0.70838
388 669 943 0.70944
389 668 943 0.70838
390 668 943 0.70838
391 667 943 0.70732
392 669 943 0.70944
393 667 943 0.70732
394 665 943 0.7052
395 665 943 0.7052
396 667 943 0.70732
397 667 943 0.70732
398 666 943 0.70626
399 668 943 0.70838
400 669 943 0.70944
401 668 943 0.70838
402 668 943 0.70838
403 670 943 0.7105
404 667 943 0.70732
405 670 943 0.7105
406 670 943 0.7105
407 670 943 0.7105
408 670 943 0.7105
409 673 943 0.71368
410 670 943 0.7105
411 669 943 0.70944
412 670 943 0.7105
413 671 943 0.71156
414 672 943 0.71262
415 671 943 0.71156
416 672 943 0.71262
417 669 943 0.70944
418 669 943 0.70944
419 672 943 0.71262
420 672 943 0.71262
421 670 943 0.7105
422 672 943 0.71262
423 669 943 0.70944
424 670 943 0.7105
425 669 943 0.70944
426 670 943 0.7105
427 672 943 0.71262
428 670 943 0.7105
429 670 943 0.7105
430 671 943 0.71156
431 672 943 0.71262
432 672 943 0.71262
433 669 943 0.70944
434 670 943 0.7105
435 669 943 0.70944
436 670 943 0.7105
437 666 943 0.70626
438 667 943 0.70732
439 665 943 0.7052
440 667 943 0.70732
441 667 943 0.70732
442 667 943 0.70732
443 667 943 0.70732
444 669 943 0.70944
445 669 943 0.70944
446 669 943 0.70944
447 670 943 0.7105
448 668 943 0.70838
449 670 943 0.7105
450 668 943 0.70838
451 669 943 0.70944
452 666 943 0.70626
453 670 943 0.7105
454 670 943 0.7105
455 671 943 0.71156
456 671 943 0.71156
457 670 943 0.7105
458 669 943 0.70944
459 668 943 0.70838
460 668 943 0.70838
461 669 943 0.70944
462 672 943 0.71262
463 671 943 0.71156
464 672 943 0.71262
465 670 943 0.7105
466 671 943 0.71156
467 672 943 0.71262
468 674 943 0.71474
469 671 943 0.71156
470 672 943 0.71262
471 673 943 0.71368
472 674 943 0.71474
473 673 943 0.71368
474 673 943 0.71368
475 673 943 0.71368
476 671 943 0.71156
477 671 943 0.71156
478 672 943 0.71262
479 672 943 0.71262
480 673 943 0.71368
481 671 943 0.71156
482 672 943 0.71262
483 672 943 0.71262
484 672 943 0.71262
485 672 943 0.71262
486 671 943 0.71156
487 671 943 0.71156
488 671 943 0.71156
489 671 943 0.71156
490 671 943 0.71156
491 671 943 0.71156
492 672 943 0.71262
493 673 943 0.71368
494 672 943 0.71262
495 674 943 0.71474
496 673 943 0.71368
497 672 943 0.71262
498 674 943 0.71474
499 674 943 0.71474
500 672 943 0.71262
501 674 943 0.71474
502 673 943 0.71368
503 674 943 0.71474
504 673 943 0.71368
505 671 943 0.71156
506 672 943 0.71262
507 671 943 0.71156
508 671 943 0.71156
509 672 943 0.71262
510 672 943 0.71262
511 672 943 0.71262
512 669 943 0.70944
513 669 943 0.70944
514 669 943 0.70944
515 671 943 0.71156
516 670 943 0.7105
517 670 943 0.7105
518 670 943 0.7105
519 671 943 0.71156
520 672 943 0.71262
521 671 943 0.71156
522 671 943 0.71156
523 672 943 0.71262
524 672 943 0.71262
525 672 943 0.71262
526 673 943 0.71368
527 672 943 0.71262
528 674 943 0.71474
529 671 943 0.71156
530 672 943 0.71262
531 672 943 0.71262
532 674 943 0.71474
533 671 943 0.71156
534 672 943 0.71262
535 670 943 0.7105
536 671 943 0.71156
537 670 943 0.7105
538 671 943 0.71156
539 672 943 0.71262
540 672 943 0.71262
541 670 943 0.7105
542 671 943 0.71156
543 671 943 0.71156
544 670 943 0.7105
545 670 943 0.7105
546 672 943 0.71262
547 671 943 0.71156
548 669 943 0.70944
549 669 943 0.70944
550 668 943 0.70838
551 667 943 0.70732
552 667 943 0.70732
553 667 943 0.70732
554 667 943 0.70732
555 667 943 0.70732
556 668 943 0.70838
557 668 943 0.70838
558 669 943 0.70944
559 669 943 0.70944
560 669 943 0.70944
561 668 943 0.70838
562 668 943 0.70838
563 669 943 0.70944
564 669 943 0.70944
565 669 943 0.70944
566 669 943 0.70944
567 669 943 0.70944
568 671 943 0.71156
569 671 943 0.71156
570 668 943 0.70838
571 669 943 0.70944
572 670 943 0.7105
573 670 943 0.7105
574 671 943 0.71156
575 671 943 0.71156
576 669 943 0.70944
577 670 943 0.7105
578 670 943 0.7105
579 670 943 0.7105
580 668 943 0.70838
581 667 943 0.70732
582 668 943 0.70838
583 669 943 0.70944
584 669 943 0.70944
585 670 943 0.7105
586 671 943 0.71156
587 669 943 0.70944
588 671 943 0.71156
589 670 943 0.7105
590 671 943 0.71156
591 671 943 0.71156
592 671 943 0.71156
593 671 943 0.71156
594 670 943 0.7105
595 672 943 0.71262
596 671 943 0.71156
597 671 943 0.71156
598 673 943 0.71368
599 673 943 0.71368
600 671 943 0.71156
601 673 943 0.71368
602 671 943 0.71156
603 670 943 0.7105
604 671 943 0.71156
605 672 943 0.71262
606 671 943 0.71156
607 673 943 0.71368
608 673 943 0.71368
609 672 943 0.71262
610 671 943 0.71156
611 670 943 0.7105
612 671 943 0.71156
613 671 943 0.71156
614 672 943 0.71262
615 671 943 0.71156
616 670 943 0.7105
617 670 943 0.7105
618 672 943 0.71262
619 671 943 0.71156
620 670 943 0.7105
621 670 943 0.7105
622 670 943 0.7105
623 669 943 0.70944
624 671 943 0.71156
625 671 943 0.71156
626 671 943 0.71156
627 671 943 0.71156
628 671 943 0.71156
629 670 943 0.7105
630 672 943 0.71262
631 673 943 0.71368
632 672 943 0.71262
633 671 943 0.71156
634 671 943 0.71156
635 672 943 0.71262
636 671 943 0.71156
637 671 943 0.71156
638 671 943 0.71156
639 671 943 0.71156
640 670 943 0.7105
641 671 943 0.71156
642 672 943 0.71262
643 672 943 0.71262
644 671 943 0.71156
645 670 943 0.7105
646 670 943 0.7105
647 670 943 0.7105
648 669 943 0.70944
649 670 943 0.7105
650 670 943 0.7105
651 670 943 0.7105
652 671 943 0.71156
653 670 943 0.7105
654 671 943 0.71156
655 668 943 0.70838
656 668 943 0.70838
657 668 943 0.70838
658 669 943 0.70944
659 670 943 0.7105
660 670 943 0.7105
661 670 943 0.7105
662 668 943 0.70838
663 668 943 0.70838
664 668 943 0.70838
665 668 943 0.70838
666 668 943 0.70838
667 670 943 0.7105
668 668 943 0.70838
669 668 943 0.70838
670 669 943 0.70944
671 671 943 0.71156
672 669 943 0.70944
673 669 943 0.70944
674 669 943 0.70944
675 669 943 0.70944
676 669 943 0.70944
677 667 943 0.70732
678 666 943 0.70626
679 666 943 0.70626
680 667 943 0.70732
681 667 943 0.70732
682 667 943 0.70732
683 666 943 0.70626
684 665 943 0.7052
685 666 943 0.70626
686 665 943 0.7052
687 667 943 0.70732
688 666 943 0.70626
689 665 943 0.7052
690 666 943 0.70626
691 666 943 0.70626
692 666 943 0.70626
693 666 943 0.70626
694 667 943 0.70732
695 666 943 0.70626
696 665 943 0.7052
697 666 943 0.70626
698 664 943 0.70414
699 667 943 0.70732
700 666 943 0.70626
701 667 943 0.70732
702 667 943 0.70732
703 666 943 0.70626
704 667 943 0.70732
705 666 943 0.70626
706 665 943 0.7052
707 666 943 0.70626
708 666 943 0.70626
709 666 943 0.70626
710 667 943 0.70732
711 667 943 0.70732
712 666 943 0.70626
713 666 943 0.70626
714 668 943 0.70838
715 668 943 0.70838
716 666 943 0.70626
717 666 943 0.70626
718 665 943 0.7052
719 665 943 0.7052
720 666 943 0.70626
721 666 943 0.70626
722 666 943 0.70626
723 667 943 0.70732
724 666 943 0.70626
725 667 943 0.70732
726 667 943 0.70732
727 667 943 0.70732
728 667 943 0.70732
729 667 943 0.70732
730 667 943 0.70732
731 667 943 0.70732
732 668 943 0.70838
733 669 943 0.70944
734 668 943 0.70838
735 668 943 0.70838
736 667 943 0.70732
737 668 943 0.70838
738 668 943 0.70838
739 668 943 0.70838
740 668 943 0.70838
741 667 943 0.70732
742 666 943 0.70626
743 666 943 0.70626
744 667 943 0.70732
745 667 943 0.70732
746 668 943 0.70838
747 668 943 0.70838
748 668 943 0.70838
749 667 943 0.70732
750 667 943 0.70732
751 666 943 0.70626
752 666 943 0.70626
753 667 943 0.70732
754 666 943 0.70626
755 667 943 0.70732
756 667 943 0.70732
757 667 943 0.70732
758 667 943 0.70732
759 668 943 0.70838
760 669 943 0.70944
761 668 943 0.70838
762 667 943 0.70732
763 668 943 0.70838
764 668 943 0.70838
765 669 943 0.70944
766 668 943 0.70838
767 669 943 0.70944
768 668 943 0.70838
769 669 943 0.70944
770 669 943 0.70944
771 670 943 0.7105
772 669 943 0.70944
773 668 943 0.70838
774 667 943 0.70732
775 668 943 0.70838
776 668 943 0.70838
777 669 943 0.70944
778 669 943 0.70944
779 670 943 0.7105
780 670 943 0.7105
781 670 943 0.7105
782 669 943 0.70944
783 669 943 0.70944
784 669 943 0.70944
785 668 943 0.70838
786 668 943 0.70838
787 670 943 0.7105
788 668 943 0.70838
789 669 943 0.70944
790 669 943 0.70944
791 669 943 0.70944
792 668 943 0.70838
793 670 943 0.7105
794 671 943 0.71156
795 672 943 0.71262
796 671 943 0.71156
797 671 943 0.71156
798 669 943 0.70944
799 669 943 0.70944
800 666 943 0.70626
801 667 943 0.70732
802 668 943 0.70838
803 668 943 0.70838
804 669 943 0.70944
805 668 943 0.70838
806 668 943 0.70838
807 669 943 0.70944
808 669 943 0.70944
809 669 943 0.70944
810 670 943 0.7105
811 670 943 0.7105
812 670 943 0.7105
813 670 943 0.7105
814 671 943 0.71156
815 670 943 0.7105
816 670 943 0.7105
817 671 943 0.71156
818 670 943 0.7105
819 670 943 0.7105
820 670 943 0.7105
821 670 943 0.7105
822 671 943 0.71156
823 670 943 0.7105
824 670 943 0.7105
825 670 943 0.7105
826 671 943 0.71156
827 670 943 0.7105
828 670 943 0.7105
829 671 943 0.71156
830 670 943 0.7105
831 670 943 0.7105
832 670 943 0.7105
833 671 943 0.71156
834 671 943 0.71156
835 671 943 0.71156
836 671 943 0.71156
837 670 943 0.7105
838 669 943 0.70944
839 671 943 0.71156
840 672 943 0.71262
841 672 943 0.71262
842 671 943 0.71156
843 672 943 0.71262
844 671 943 0.71156
845 670 943 0.7105
846 672 943 0.71262
847 671 943 0.71156
848 670 943 0.7105
849 670 943 0.7105
850 670 943 0.7105
851 670 943 0.7105
852 669 943 0.70944
853 669 943 0.70944
854 669 943 0.70944
855 671 943 0.71156
856 671 943 0.71156
857 672 943 0.71262
858 672 943 0.71262
859 671 943 0.71156
860 670 943 0.7105
861 671 943 0.71156
862 669 943 0.70944
863 668 943 0.70838
864 669 943 0.70944
865 668 943 0.70838
866 666 943 0.70626
867 666 943 0.70626
868 666 943 0.70626
869 666 943 0.70626
870 667 943 0.70732
871 667 943 0.70732
872 667 943 0.70732
873 667 943 0.70732
874 666 943 0.70626
875 665 943 0.7052
876 664 943 0.70414
877 664 943 0.70414
878 664 943 0.70414
879 664 943 0.70414
880 663 943 0.70308
881 663 943 0.70308
882 663 943 0.70308
883 664 943 0.70414
884 663 943 0.70308
885 663 943 0.70308
886 664 943 0.70414
887 664 943 0.70414
888 665 943 0.7052
889 665 943 0.7052
890 666 943 0.70626
891 667 943 0.70732
892 667 943 0.70732
893 666 943 0.70626
894 666 943 0.70626
895 665 943 0.7052
896 666 943 0.70626
897 667 943 0.70732
898 668 943 0.70838
899 667 943 0.70732
900 667 943 0.70732
901 667 943 0.70732
902 667 943 0.70732
903 668 943 0.70838
904 669 943 0.70944
905 670 943 0.7105
906 670 943 0.7105
907 670 943 0.7105
908 670 943 0.7105
909 668 943 0.70838
910 668 943 0.70838
911 668 943 0.70838
912 668 943 0.70838
913 669 943 0.70944
914 669 943 0.70944
915 666 943 0.70626
916 666 943 0.70626
917 666 943 0.70626
918 665 943 0.7052
919 666 943 0.70626
920 664 943 0.70414
921 664 943 0.70414
922 664 943 0.70414
923 665 943 0.7052
924 665 943 0.7052
925 665 943 0.7052
926 665 943 0.7052
927 665 943 0.7052
928 667 943 0.70732
929 667 943 0.70732
930 667 943 0.70732
931 665 943 0.7052
932 666 943 0.70626
933 666 943 0.70626
934 665 943 0.7052
935 664 943 0.70414
936 667 943 0.70732
937 666 943 0.70626
938 667 943 0.70732
939 666 943 0.70626
940 665 943 0.7052
941 666 943 0.70626
942 664 943 0.70414
943 664 943 0.70414
944 662 943 0.70201
945 664 943 0.70414
946 663 943 0.70308
947 662 943 0.70201
948 663 943 0.70308
949 662 943 0.70201
950 661 943 0.70095
951 663 943 0.70308
952 664 943 0.70414
953 662 943 0.70201
954 661 943 0.70095
955 662 943 0.70201
956 661 943 0.70095
957 662 943 0.70201
958 661 943 0.70095
959 661 943 0.70095
960 660 943 0.69989
961 660 943 0.69989
962 660 943 0.69989
963 659 943 0.69883
964 659 943 0.69883
965 659 943 0.69883
966 659 943 0.69883
967 661 943 0.70095
968 663 943 0.70308
969 663 943 0.70308
970 662 943 0.70201
971 662 943 0.70201
972 660 943 0.69989
973 662 943 0.70201
974 662 943 0.70201
975 662 943 0.70201
976 662 943 0.70201
977 663 943 0.70308
978 662 943 0.70201
979 661 943 0.70095
980 660 943 0.69989
981 660 943 0.69989
982 658 943 0.69777
983 660 943 0.69989
984 659 943 0.69883
985 660 943 0.69989
986 661 943 0.70095
987 659 943 0.69883
988 661 943 0.70095
989 661 943 0.70095
990 663 943 0.70308
991 662 943 0.70201
992 662 943 0.70201
993 665 943 0.7052
994 663 943 0.70308
995 663 943 0.70308
996 664 943 0.70414
997 663 943 0.70308
998 662 943 0.70201
999 664 943 0.70414
1000 663 943 0.70308
1001 664 943 0.70414
1002 662 943 0.70201
1003 664 943 0.70414
1004 662 943 0.70201
1005 660 943 0.69989
1006 661 943 0.70095
1007 663 943 0.70308
1008 663 943 0.70308
1009 664 943 0.70414
1010 663 943 0.70308
1011 662 943 0.70201
1012 664 943 0.70414
1013 663 943 0.70308
1014 661 943 0.70095
1015 661 943 0.70095
1016 662 943 0.70201
1017 661 943 0.70095
1018 660 943 0.69989
1019 660 943 0.69989
1020 661 943 0.70095
1021 660 943 0.69989
1022 661 943 0.70095
1023 662 943 0.70201
1024 663 943 0.70308
1025 662 943 0.70201
1026 658 943 0.69777
1027 660 943 0.69989
1028 660 943 0.69989
1029 658 943 0.69777
1030 659 943 0.69883
1031 657 943 0.69671
1032 658 943 0.69777
1033 661 943 0.70095
1034 661 943 0.70095
1035 662 943 0.70201
1036 664 943 0.70414
1037 661 943 0.70095
1038 662 943 0.70201
1039 663 943 0.70308
1040 663 943 0.70308
1041 663 943 0.70308
1042 663 943 0.70308
1043 663 943 0.70308
1044 661 943 0.70095
1045 664 943 0.70414
1046 664 943 0.70414
1047 662 943 0.70201
1048 664 943 0.70414
1049 664 943 0.70414
1050 663 943 0.70308
1051 665 943 0.7052
1052 665 943 0.7052
1053 663 943 0.70308
1054 666 943 0.70626
1055 664 943 0.70414
1056 662 943 0.70201
1057 663 943 0.70308
1058 664 943 0.70414
1059 664 943 0.70414
1060 663 943 0.70308
1061 662 943 0.70201
1062 663 943 0.70308
1063 661 943 0.70095
1064 660 943 0.69989
1065 664 943 0.70414
1066 662 943 0.70201
1067 662 943 0.70201
1068 664 943 0.70414
1069 664 943 0.70414
1070 664 943 0.70414
1071 663 943 0.70308
1072 665 943 0.7052
1073 664 943 0.70414
1074 665 943 0.7052
1075 664 943 0.70414
1076 665 943 0.7052
1077 663 943 0.70308
1078 664 943 0.70414
1079 661 943 0.70095
1080 663 943 0.70308
1081 665 943 0.7052
1082 665 943 0.7052
1083 664 943 0.70414
1084 664 943 0.70414
1085 664 943 0.70414
1086 663 943 0.70308
1087 664 943 0.70414
1088 664 943 0.70414
1089 665 943 0.7052
1090 665 943 0.7052
1091 665 943 0.7052
1092 664 943 0.70414
1093 666 943 0.70626
1094 667 943 0.70732
1095 666 943 0.70626
1096 666 943 0.70626
1097 666 943 0.70626
1098 666 943 0.70626
1099 666 943 0.70626
1100 665 943 0.7052
1101 665 943 0.7052
1102 665 943 0.7052
1103 665 943 0.7052
1104 664 943 0.70414
1105 664 943 0.70414
1106 664 943 0.70414
1107 663 943 0.70308
1108 663 943 0.70308
1109 664 943 0.70414
1110 664 943 0.70414
1111 663 943 0.70308
1112 665 943 0.7052
1113 663 943 0.70308
1114 662 943 0.70201
1115 662 943 0.70201
1116 662 943 0.70201
1117 662 943 0.70201
1118 661 943 0.70095
1119 661 943 0.70095
1120 661 943 0.70095
1121 661 943 0.70095
1122 662 943 0.70201
1123 660 943 0.69989
1124 660 943 0.69989
1125 660 943 0.69989
1126 660 943 0.69989
1127 661 943 0.70095
1128 659 943 0.69883
1129 658 943 0.69777
1130 658 943 0.69777
1131 660 943 0.69989
1132 659 943 0.69883
1133 658 943 0.69777
1134 659 943 0.69883
1135 661 943 0.70095
1136 659 943 0.69883
1137 659 943 0.69883
1138 659 943 0.69883
1139 659 943 0.69883
1140 659 943 0.69883
1141 659 943 0.69883
1142 656 943 0.69565
1143 657 943 0.69671
1144 657 943 0.69671
1145 657 943 0.69671
1146 657 943 0.69671
1147 659 943 0.69883
1148 659 943 0.69883
1149 659 943 0.69883
1150 659 943 0.69883
1151 659 943 0.69883
1152 659 943 0.69883
1153 659 943 0.69883
1154 659 943 0.69883
1155 659 943 0.69883
1156 657 943 0.69671
1157 658 943 0.69777
1158 658 943 0.69777
1159 658 943 0.69777
1160 659 943 0.69883
1161 658 943 0.69777
1162 659 943 0.69883
1163 658 943 0.69777
1164 658 943 0.69777
1165 659 943 0.69883
1166 657 943 0.69671
1167 660 943 0.69989
1168 660 943 0.69989
1169 660 943 0.69989
1170 659 943 0.69883
1171 660 943 0.69989
1172 658 943 0.69777
1173 659 943 0.69883
1174 659 943 0.69883
1175 659 943 0.69883
1176 658 943 0.69777
1177 658 943 0.69777
1178 659 943 0.69883
1179 658 943 0.69777
1180 658 943 0.69777
1181 659 943 0.69883
1182 657 943 0.69671
1183 658 943 0.69777
1184 657 943 0.69671
1185 657 943 0.69671
1186 657 943 0.69671
1187 657 943 0.69671
1188 657 943 0.69671
1189 657 943 0.69671
1190 658 943 0.69777
1191 658 943 0.69777
1192 658 943 0.69777
1193 658 943 0.69777
1194 658 943 0.69777
1195 657 943 0.69671
1196 657 943 0.69671
1197 657 943 0.69671
1198 658 943 0.69777
1199 658 943 0.69777
1200 658 943 0.69777
1201 658 943 0.69777
1202 658 943 0.69777
1203 658 943 0.69777
1204 659 943 0.69883
1205 661 943 0.70095
1206 661 943 0.70095
1207 661 943 0.70095
1208 660 943 0.69989
1209 659 943 0.69883
1210 659 943 0.69883
1211 659 943 0.69883
1212 658 943 0.69777
1213 659 943 0.69883
1214 659 943 0.69883
1215 659 943 0.69883
1216 660 943 0.69989
1217 660 943 0.69989
1218 660 943 0.69989
1219 661 943 0.70095
1220 661 943 0.70095
1221 661 943 0.70095
1222 661 943 0.70095
1223 660 943 0.69989
1224 661 943 0.70095
1225 661 943 0.70095
1226 659 943 0.69883
1227 659 943 0.69883
1228 659 943 0.69883
1229 661 943 0.70095
1230 661 943 0.70095
1231 661 943 0.70095
1232 660 943 0.69989
1233 660 943 0.69989
1234 661 943 0.70095
1235 661 943 0.70095
1236 661 943 0.70095
1237 661 943 0.70095
1238 661 943 0.70095
1239 661 943 0.70095
1240 662 943 0.70201
1241 662 943 0.70201
1242 662 943 0.70201
1243 663 943 0.70308
1244 663 943 0.70308
1245 662 943 0.70201
1246 662 943 0.70201
1247 662 943 0.70201
1248 661 943 0.70095
1249 660 943 0.69989
1250 660 943 0.69989
1251 659 943 0.69883
1252 660 943 0.69989
1253 659 943 0.69883
1254 660 943 0.69989
1255 660 943 0.69989
1256 659 943 0.69883
1257 658 943 0.69777
1258 658 943 0.69777
1259 658 943 0.69777
1260 658 943 0.69777
1261 657 943 0.69671
1262 657 943 0.69671
1263 658 943 0.69777
1264 658 943 0.69777
1265 659 943 0.69883
1266 659 943 0.69883
1267 658 943 0.69777
1268 658 943 0.69777
1269 658 943 0.69777
1270 658 943 0.69777
1271 659 943 0.69883
1272 660 943 0.69989
1273 661 943 0.70095
1274 661 943 0.70095
1275 660 943 0.69989
1276 661 943 0.70095
1277 661 943 0.70095
1278 661 943 0.70095
1279 661 943 0.70095
1280 661 943 0.70095
1281 660 943 0.69989
1282 660 943 0.69989
1283 660 943 0.69989
1284 660 943 0.69989
1285 661 943 0.70095
1286 661 943 0.70095
1287 661 943 0.70095
1288 660 943 0.69989
1289 660 943 0.69989
1290 659 943 0.69883
1291 660 943 0.69989
1292 660 943 0.69989
1293 660 943 0.69989
1294 660 943 0.69989
1295 660 943 0.69989
1296 660 943 0.69989
1297 660 943 0.69989
1298 661 943 0.70095
1299 661 943 0.70095
1300 661 943 0.70095
1301 662 943 0.70201
1302 662 943 0.70201
1303 662 943 0.70201
1304 662 943 0.70201
1305 661 943 0.70095
1306 661 943 0.70095
1307 661 943 0.70095
1308 661 943 0.70095
1309 661 943 0.70095
1310 660 943 0.69989
1311 661 943 0.70095
1312 661 943 0.70095
1313 661 943 0.70095
1314 662 943 0.70201
1315 662 943 0.70201
1316 662 943 0.70201
1317 662 943 0.70201
1318 662 943 0.70201
1319 662 943 0.70201
1320 661 943 0.70095
1321 660 943 0.69989
1322 659 943 0.69883
1323 659 943 0.69883
1324 660 943 0.69989
1325 659 943 0.69883
1326 659 943 0.69883
1327 659 943 0.69883
1328 659 943 0.69883
1329 659 943 0.69883
1330 659 943 0.69883
1331 659 943 0.69883
1332 658 943 0.69777
1333 657 943 0.69671
1334 657 943 0.69671
1335 658 943 0.69777
1336 658 943 0.69777
1337 657 943 0.69671
1338 659 943 0.69883
1339 659 943 0.69883
1340 659 943 0.69883
1341 660 943 0.69989
1342 659 943 0.69883
1343 659 943 0.69883
1344 659 943 0.69883
1345 659 943 0.69883
1346 660 943 0.69989
1347 660 943 0.69989
1348 660 943 0.69989
1349 660 943 0.69989
1350 660 943 0.69989
1351 659 943 0.69883
1352 659 943 0.69883
1353 659 943 0.69883
1354 659 943 0.69883
1355 659 943 0.69883
1356 658 943 0.69777
1357 658 943 0.69777
1358 659 943 0.69883
1359 659 943 0.69883
1360 659 943 0.69883
1361 659 943 0.69883
1362 659 943 0.69883
1363 660 943 0.69989
1364 661 943 0.70095
1365 660 943 0.69989
1366 661 943 0.70095
1367 660 943 0.69989
1368 660 943 0.69989
1369 660 943 0.69989
1370 660 943 0.69989
1371 661 943 0.70095
1372 661 943 0.70095
1373 659 943 0.69883
1374 658 943 0.69777
1375 659 943 0.69883
1376 659 943 0.69883
1377 659 943 0.69883
1378 659 943 0.69883
1379 660 943 0.69989
1380 659 943 0.69883
1381 660 943 0.69989
1382 659 943 0.69883
1383 660 943 0.69989
1384 660 943 0.69989
1385 660 943 0.69989
1386 658 943 0.69777
1387 658 943 0.69777
1388 659 943 0.69883
1389 658 943 0.69777
1390 658 943 0.69777
1391 658 943 0.69777
1392 658 943 0.69777
1393 659 943 0.69883
1394 657 943 0.69671
1395 657 943 0.69671
1396 656 943 0.69565
1397 657 943 0.69671
1398 657 943 0.69671
1399 657 943 0.69671
1400 657 943 0.69671
1401 657 943 0.69671
1402 657 943 0.69671
1403 657 943 0.69671
1404 657 943 0.69671
1405 657 943 0.69671
1406 657 943 0.69671
1407 657 943 0.69671
1408 657 943 0.69671
1409 659 943 0.69883
1410 658 943 0.69777
1411 660 943 0.69989
1412 661 943 0.70095
1413 659 943 0.69883
1414 659 943 0.69883
1415 660 943 0.69989
1416 658 943 0.69777
1417 658 943 0.69777
1418 659 943 0.69883
1419 658 943 0.69777
1420 657 943 0.69671
1421 658 943 0.69777
1422 658 943 0.69777
1423 657 943 0.69671
1424 657 943 0.69671
1425 660 943 0.69989
1426 659 943 0.69883
1427 659 943 0.69883
1428 659 943 0.69883
1429 660 943 0.69989
1430 658 943 0.69777
1431 659 943 0.69883
1432 658 943 0.69777
1433 660 943 0.69989
1434 659 943 0.69883
1435 658 943 0.69777
1436 658 943 0.69777
1437 659 943 0.69883
1438 659 943 0.69883
1439 659 943 0.69883
1440 659 943 0.69883
1441 659 943 0.69883
1442 658 943 0.69777
1443 659 943 0.69883
1444 660 943 0.69989
1445 660 943 0.69989
1446 660 943 0.69989
1447 661 943 0.70095
1448 659 943 0.69883
1449 659 943 0.69883
1450 659 943 0.69883
1451 658 943 0.69777
1452 659 943 0.69883
1453 660 943 0.69989
1454 660 943 0.69989
1455 661 943 0.70095
1456 660 943 0.69989
1457 659 943 0.69883
1458 660 943 0.69989
1459 660 943 0.69989
1460 660 943 0.69989
1461 659 943 0.69883
1462 659 943 0.69883
1463 660 943 0.69989
1464 659 943 0.69883
1465 659 943 0.69883
1466 659 943 0.69883
1467 661 943 0.70095
1468 659 943 0.69883
1469 659 943 0.69883
1470 659 943 0.69883
1471 658 943 0.69777
1472 658 943 0.69777
1473 658 943 0.69777
1474 658 943 0.69777
1475 658 943 0.69777
1476 657 943 0.69671
1477 658 943 0.69777
1478 658 943 0.69777
1479 657 943 0.69671
1480 657 943 0.69671
1481 659 943 0.69883
1482 658 943 0.69777
1483 658 943 0.69777
1484 658 943 0.69777
1485 659 943 0.69883
1486 660 943 0.69989
1487 660 943 0.69989
1488 660 943 0.69989
1489 659 943 0.69883
1490 660 943 0.69989
1491 660 943 0.69989
1492 660 943 0.69989
1493 660 943 0.69989
1494 660 943 0.69989
1495 661 943 0.70095
1496 660 943 0.69989
1497 660 943 0.69989
1498 660 943 0.69989
1499 661 943 0.70095
1500 660 943 0.69989
1501 660 943 0.69989
1502 660 943 0.69989
1503 660 943 0.69989
1504 662 943 0.70201
1505 662 943 0.70201
1506 662 943 0.70201
1507 662 943 0.70201
1508 662 943 0.70201
1509 662 943 0.70201
1510 663 943 0.70308
1511 663 943 0.70308
1512 663 943 0.70308
1513 664 943 0.70414
1514 662 943 0.70201
1515 662 943 0.70201
1516 663 943 0.70308
1517 662 943 0.70201
1518 662 943 0.70201
1519 661 943 0.70095
1520 661 943 0.70095
1521 661 943 0.70095
1522 661 943 0.70095
1523 661 943 0.70095
1524 661 943 0.70095
1525 661 943 0.70095
1526 661 943 0.70095
1527 661 943 0.70095
1528 661 943 0.70095
1529 661 943 0.70095
1530 661 943 0.70095
1531 662 943 0.70201
1532 662 943 0.70201
1533 662 943 0.70201
1534 664 943 0.70414
1535 664 943 0.70414
1536 664 943 0.70414
1537 663 943 0.70308
1538 663 943 0.70308
1539 663 943 0.70308
1540 664 943 0.70414
1541 663 943 0.70308
1542 665 943 0.7052
1543 665 943 0.7052
1544 665 943 0.7052
1545 664 943 0.70414
1546 664 943 0.70414
1547 663 943 0.70308
1548 664 943 0.70414
1549 663 943 0.70308
1550 665 943 0.7052
1551 665 943 0.7052
1552 664 943 0.70414
1553 664 943 0.70414
1554 664 943 0.70414
1555 664 943 0.70414
1556 663 943 0.70308
1557 664 943 0.70414
1558 663 943 0.70308
1559 663 943 0.70308
1560 664 943 0.70414
1561 663 943 0.70308
1562 663 943 0.70308
1563 663 943 0.70308
1564 663 943 0.70308
1565 664 943 0.70414
1566 662 943 0.70201
1567 663 943 0.70308
1568 662 943 0.70201
1569 660 943 0.69989
1570 662 943 0.70201
1571 661 943 0.70095
1572 661 943 0.70095
1573 660 943 0.69989
1574 661 943 0.70095
1575 661 943 0.70095
1576 662 943 0.70201
1577 662 943 0.70201
1578 662 943 0.70201
1579 661 943 0.70095
1580 663 943 0.70308
1581 663 943 0.70308
1582 661 943 0.70095
1583 662 943 0.70201
1584 663 943 0.70308
1585 663 943 0.70308
1586 663 943 0.70308
1587 663 943 0.70308
1588 662 943 0.70201
1589 662 943 0.70201
1590 661 943 0.70095
1591 661 943 0.70095
1592 661 943 0.70095
1593 662 943 0.70201
1594 665 943 0.7052
1595 664 943 0.70414
1596 664 943 0.70414
1597 663 943 0.70308
1598 663 943 0.70308
1599 663 943 0.70308
1600 663 943 0.70308
1601 663 943 0.70308
1602 664 943 0.70414
1603 664 943 0.70414
1604 665 943 0.7052
1605 665 943 0.7052
1606 665 943 0.7052
1607 666 943 0.70626
1608 664 943 0.70414
1609 665 943 0.7052
1610 665 943 0.7052
1611 665 943 0.7052
1612 664 943 0.70414
1613 664 943 0.70414
1614 664 943 0.70414
1615 662 943 0.70201
1616 663 943 0.70308
1617 663 943 0.70308
1618 661 943 0.70095
1619 664 943 0.70414
1620 664 943 0.70414
1621 664 943 0.70414
1622 664 943 0.70414
1623 663 943 0.70308
1624 663 943 0.70308
1625 663 943 0.70308
1626 663 943 0.70308
1627 663 943 0.70308
1628 663 943 0.70308
1629 663 943 0.70308
1630 662 943 0.70201
1631 662 943 0.70201
1632 664 943 0.70414
1633 664 943 0.70414
1634 663 943 0.70308
1635 663 943 0.70308
1636 663 943 0.70308
1637 663 943 0.70308
1638 663 943 0.70308
1639 662 943 0.70201
1640 662 943 0.70201
1641 661 943 0.70095
1642 660 943 0.69989
1643 661 943 0.70095
1644 663 943 0.70308
1645 662 943 0.70201
1646 662 943 0.70201
1647 662 943 0.70201
1648 662 943 0.70201
1649 662 943 0.70201
1650 662 943 0.70201
1651 660 943 0.69989
1652 661 943 0.70095
1653 661 943 0.70095
1654 661 943 0.70095
1655 661 943 0.70095
1656 661 943 0.70095
1657 661 943 0.70095
1658 662 943 0.70201
1659 663 943 0.70308
1660 663 943 0.70308
1661 663 943 0.70308
1662 661 943 0.70095
1663 661 943 0.70095
1664 662 943 0.70201
1665 662 943 0.70201
1666 662 943 0.70201
1667 663 943 0.70308
1668 663 943 0.70308
1669 663 943 0.70308
1670 662 943 0.70201
1671 662 943 0.70201
1672 662 943 0.70201
1673 663 943 0.70308
1674 662 943 0.70201
1675 663 943 0.70308
1676 662 943 0.70201
1677 662 943 0.70201
1678 663 943 0.70308
1679 663 943 0.70308
1680 664 943 0.70414
1681 663 943 0.70308
1682 663 943 0.70308
1683 663 943 0.70308
1684 663 943 0.70308
1685 662 943 0.70201
1686 662 943 0.70201
1687 662 943 0.70201
1688 661 943 0.70095
1689 661 943 0.70095
1690 662 943 0.70201
1691 662 943 0.70201
1692 662 943 0.70201
1693 662 943 0.70201
1694 661 943 0.70095
1695 662 943 0.70201
1696 662 943 0.70201
1697 662 943 0.70201
1698 662 943 0.70201
1699 663 943 0.70308
1700 662 943 0.70201
1701 662 943 0.70201
1702 662 943 0.70201
1703 662 943 0.70201
1704 664 943 0.70414
1705 663 943 0.70308
1706 664 943 0.70414
1707 663 943 0.70308
1708 662 943 0.70201
1709 663 943 0.70308
1710 663 943 0.70308
1711 663 943 0.70308
1712 663 943 0.70308
1713 663 943 0.70308
1714 663 943 0.70308
1715 664 943 0.70414
1716 663 943 0.70308
1717 664 943 0.70414
1718 665 943 0.7052
1719 662 943 0.70201
1720 663 943 0.70308
1721 661 943 0.70095
1722 662 943 0.70201
1723 662 943 0.70201
1724 663 943 0.70308
1725 661 943 0.70095
1726 661 943 0.70095
1727 661 943 0.70095
1728 662 943 0.70201
1729 662 943 0.70201
1730 662 943 0.70201
1731 663 943 0.70308
1732 662 943 0.70201
1733 662 943 0.70201
1734 662 943 0.70201
1735 661 943 0.70095
1736 662 943 0.70201
1737 662 943 0.70201
1738 660 943 0.69989
1739 660 943 0.69989
1740 662 943 0.70201
1741 662 943 0.70201
1742 662 943 0.70201
1743 662 943 0.70201
1744 662 943 0.70201
1745 662 943 0.70201
1746 662 943 0.70201
1747 662 943 0.70201
1748 662 943 0.70201
1749 662 943 0.70201
1750 661 943 0.70095
1751 661 943 0.70095
1752 661 943 0.70095
1753 661 943 0.70095
1754 661 943 0.70095
1755 661 943 0.70095
1756 661 943 0.70095
1757 661 943 0.70095
1758 661 943 0.70095
1759 661 943 0.70095
1760 661 943 0.70095
1761 662 943 0.70201
1762 662 943 0.70201
1763 662 943 0.70201
1764 662 943 0.70201
1765 662 943 0.70201
1766 662 943 0.70201
1767 662 943 0.70201
1768 662 943 0.70201
1769 662 943 0.70201
1770 662 943 0.70201
1771 664 943 0.70414
1772 662 943 0.70201
1773 663 943 0.70308
1774 663 943 0.70308
1775 662 943 0.70201
1776 664 943 0.70414
1777 664 943 0.70414
1778 664 943 0.70414
1779 663 943 0.70308
1780 662 943 0.70201
1781 664 943 0.70414
1782 663 943 0.70308
1783 663 943 0.70308
1784 662 943 0.70201
1785 664 943 0.70414
1786 664 943 0.70414
1787 664 943 0.70414
1788 665 943 0.7052
1789 664 943 0.70414
1790 663 943 0.70308
1791 663 943 0.70308
1792 664 943 0.70414
1793 664 943 0.70414
1794 664 943 0.70414
1795 664 943 0.70414
1796 664 943 0.70414
1797 664 943 0.70414
1798 663 943 0.70308
1799 663 943 0.70308
1800 663 943 0.70308
1801 663 943 0.70308
1802 663 943 0.70308
1803 664 943 0.70414
1804 664 943 0.70414
1805 663 943 0.70308
1806 664 943 0.70414
1807 665 943 0.7052
1808 666 943 0.70626
1809 665 943 0.7052
1810 663 943 0.70308
1811 663 943 0.70308
1812 664 943 0.70414
1813 664 943 0.70414
1814 663 943 0.70308
1815 662 943 0.70201
1816 662 943 0.70201
1817 662 943 0.70201
1818 662 943 0.70201
1819 664 943 0.70414
1820 662 943 0.70201
1821 664 943 0.70414
1822 664 943 0.70414
1823 665 943 0.7052
1824 665 943 0.7052
1825 665 943 0.7052
1826 665 943 0.7052
1827 665 943 0.7052
1828 665 943 0.7052
1829 665 943 0.7052
1830 665 943 0.7052
1831 666 943 0.70626
1832 665 943 0.7052
1833 664 943 0.70414
1834 666 943 0.70626
1835 666 943 0.70626
1836 665 943 0.7052
1837 666 943 0.70626
1838 666 943 0.70626
1839 665 943 0.7052
1840 665 943 0.7052
1841 666 943 0.70626
1842 666 943 0.70626
1843 666 943 0.70626
1844 666 943 0.70626
1845 665 943 0.7052
1846 665 943 0.7052
1847 665 943 0.7052
1848 666 943 0.70626
1849 666 943 0.70626
1850 666 943 0.70626
1851 666 943 0.70626
1852 666 943 0.70626
1853 665 943 0.7052
1854 665 943 0.7052
1855 665 943 0.7052
1856 665 943 0.7052
1857 665 943 0.7052
1858 665 943 0.7052
1859 665 943 0.7052
1860 665 943 0.7052
1861 665 943 0.7052
1862 665 943 0.7052
1863 665 943 0.7052
1864 664 943 0.70414
1865 665 943 0.7052
1866 665 943 0.7052
1867 664 943 0.70414
1868 664 943 0.70414
1869 664 943 0.70414
1870 665 943 0.7052
1871 664 943 0.70414
1872 664 943 0.70414
1873 665 943 0.7052
1874 666 943 0.70626
1875 666 943 0.70626
1876 665 943 0.7052
1877 663 943 0.70308
1878 662 943 0.70201
1879 664 943 0.70414
1880 663 943 0.70308
1881 662 943 0.70201
1882 661 943 0.70095
1883 661 943 0.70095
1884 661 943 0.70095
1885 662 943 0.70201
1886 661 943 0.70095
1887 661 943 0.70095
1888 661 943 0.70095
1889 661 943 0.70095
1890 661 943 0.70095
1891 662 943 0.70201
1892 662 943 0.70201
1893 661 943 0.70095
1894 661 943 0.70095
1895 662 943 0.70201
1896 662 943 0.70201
1897 661 943 0.70095
1898 662 943 0.70201
1899 663 943 0.70308
1900 663 943 0.70308
1901 663 943 0.70308
1902 664 943 0.70414
1903 663 943 0.70308
1904 663 943 0.70308
1905 663 943 0.70308
1906 662 943 0.70201
1907 662 943 0.70201
1908 663 943 0.70308
1909 663 943 0.70308
1910 663 943 0.70308
1911 663 943 0.70308
1912 663 943 0.70308
1913 663 943 0.70308
1914 663 943 0.70308
1915 663 943 0.70308
1916 664 943 0.70414
1917 664 943 0.70414
1918 664 943 0.70414
1919 663 943 0.70308
1920 664 943 0.70414
1921 665 943 0.7052
1922 665 943 0.7052
1923 665 943 0.7052
1924 664 943 0.70414
1925 664 943 0.70414
1926 663 943 0.70308
1927 664 943 0.70414
1928 663 943 0.70308
1929 664 943 0.70414
1930 663 943 0.70308
1931 663 943 0.70308
1932 663 943 0.70308
1933 664 943 0.70414
1934 663 943 0.70308
1935 662 943 0.70201
1936 665 943 0.7052
1937 665 943 0.7052
1938 664 943 0.70414
1939 665 943 0.7052
1940 665 943 0.7052
1941 664 943 0.70414
1942 665 943 0.7052
1943 663 943 0.70308
1944 663 943 0.70308
1945 663 943 0.70308
1946 665 943 0.7052
1947 665 943 0.7052
1948 665 943 0.7052
1949 665 943 0.7052
1950 665 943 0.7052
1951 665 943 0.7052
1952 665 943 0.7052
1953 666 943 0.70626
1954 666 943 0.70626
1955 665 943 0.7052
1956 665 943 0.7052
1957 666 943 0.70626
1958 666 943 0.70626
1959 666 943 0.70626
1960 667 943 0.70732
1961 667 943 0.70732
1962 666 943 0.70626
1963 664 943 0.70414
1964 666 943 0.70626
1965 666 943 0.70626
1966 667 943 0.70732
1967 667 943 0.70732
1968 667 943 0.70732
1969 667 943 0.70732
1970 667 943 0.70732
1971 668 943 0.70838
1972 668 943 0.70838
1973 668 943 0.70838
1974 668 943 0.70838
1975 668 943 0.70838
1976 668 943 0.70838
1977 668 943 0.70838
1978 668 943 0.70838
1979 668 943 0.70838
1980 668 943 0.70838
1981 666 943 0.70626
1982 666 943 0.70626
1983 667 943 0.70732
1984 666 943 0.70626
1985 666 943 0.70626
1986 665 943 0.7052
1987 665 943 0.7052
1988 667 943 0.70732
1989 667 943 0.70732
1990 668 943 0.70838
1991 668 943 0.70838
1992 667 943 0.70732
1993 667 943 0.70732
1994 668 943 0.70838
1995 668 943 0.70838
1996 668 943 0.70838
1997 668 943 0.70838
1998 668 943 0.70838
1999 668 943 0.70838
2000 668 943 0.70838
2001 668 943 0.70838
2002 667 943 0.70732
2003 667 943 0.70732
2004 667 943 0.70732
2005 667 943 0.70732
2006 667 943 0.70732
2007 667 943 0.70732
2008 667 943 0.70732
2009 667 943 0.70732
2010 667 943 0.70732
2011 667 943 0.70732
2012 668 943 0.70838
2013 668 943 0.70838
2014 668 943 0.70838
2015 668 943 0.70838
2016 668 943 0.70838
2017 668 943 0.70838
2018 668 943 0.70838
2019 668 943 0.70838
2020 668 943 0.70838
2021 668 943 0.70838
2022 668 943 0.70838
2023 669 943 0.70944
2024 669 943 0.70944
2025 668 943 0.70838
2026 668 943 0.70838
2027 668 943 0.70838
2028 668 943 0.70838
2029 668 943 0.70838
2030 668 943 0.70838
2031 668 943 0.70838
2032 668 943 0.70838
2033 668 943 0.70838
2034 668 943 0.70838
2035 668 943 0.70838
2036 668 943 0.70838
2037 667 943 0.70732
2038 667 943 0.70732
2039 667 943 0.70732
2040 667 943 0.70732
2041 667 943 0.70732
2042 668 943 0.70838
2043 668 943 0.70838
2044 668 943 0.70838
2045 668 943 0.70838
2046 667 943 0.70732
2047 667 943 0.70732
2048 666 943 0.70626
2049 666 943 0.70626
2050 666 943 0.70626
2051 667 943 0.70732
2052 667 943 0.70732
2053 667 943 0.70732
2054 667 943 0.70732
2055 667 943 0.70732
2056 667 943 0.70732
2057 667 943 0.70732
2058 667 943 0.70732
2059 666 943 0.70626
2060 666 943 0.70626
2061 666 943 0.70626
2062 666 943 0.70626
2063 668 943 0.70838
2064 668 943 0.70838
2065 668 943 0.70838
2066 668 943 0.70838
2067 668 943 0.70838
2068 668 943 0.70838
2069 668 943 0.70838
2070 668 943 0.70838
2071 667 943 0.70732
2072 667 943 0.70732
2073 666 943 0.70626
2074 666 943 0.70626
2075 666 943 0.70626
2076 667 943 0.70732
2077 667 943 0.70732
2078 667 943 0.70732
2079 666 943 0.70626
2080 666 943 0.70626
2081 667 943 0.70732
2082 668 943 0.70838
2083 668 943 0.70838
2084 668 943 0.70838
2085 667 943 0.70732
2086 668 943 0.70838
2087 668 943 0.70838
2088 667 943 0.70732
2089 668 943 0.70838
2090 667 943 0.70732
2091 668 943 0.70838
2092 666 943 0.70626
2093 668 943 0.70838
2094 669 943 0.70944
2095 669 943 0.70944
2096 668 943 0.70838
2097 667 943 0.70732
2098 667 943 0.70732
2099 667 943 0.70732
2100 666 943 0.70626
2101 667 943 0.70732
2102 667 943 0.70732
2103 667 943 0.70732
2104 667 943 0.70732
2105 667 943 0.70732
2106 666 943 0.70626
2107 666 943 0.70626
2108 666 943 0.70626
2109 666 943 0.70626
2110 666 943 0.70626
2111 666 943 0.70626
2112 666 943 0.70626
2113 666 943 0.70626
2114 666 943 0.70626
2115 666 943 0.70626
2116 665 943 0.7052
2117 667 943 0.70732
2118 666 943 0.70626
2119 667 943 0.70732
2120 666 943 0.70626
2121 666 943 0.70626
2122 666 943 0.70626
2123 666 943 0.70626
2124 666 943 0.70626
2125 666 943 0.70626
2126 667 943 0.70732
2127 667 943 0.70732
2128 666 943 0.70626
2129 667 943 0.70732
2130 667 943 0.70732
2131 665 943 0.7052
2132 666 943 0.70626
2133 665 943 0.7052
2134 665 943 0.7052
2135 668 943 0.70838
2136 667 943 0.70732
2137 667 943 0.70732
2138 667 943 0.70732
2139 667 943 0.70732
2140 667 943 0.70732
2141 668 943 0.70838
2142 668 943 0.70838
2143 668 943 0.70838
2144 668 943 0.70838
2145 668 943 0.70838
2146 668 943 0.70838
2147 668 943 0.70838
2148 667 943 0.70732
2149 667 943 0.70732
2150 667 943 0.70732
2151 666 943 0.70626
2152 667 943 0.70732
2153 668 943 0.70838
2154 668 943 0.70838
2155 668 943 0.70838
2156 666 943 0.70626
2157 666 943 0.70626
2158 666 943 0.70626
2159 667 943 0.70732
2160 667 943 0.70732
2161 667 943 0.70732
2162 667 943 0.70732
2163 667 943 0.70732
2164 666 943 0.70626
2165 665 943 0.7052
2166 665 943 0.7052
2167 666 943 0.70626
2168 666 943 0.70626
2169 666 943 0.70626
2170 666 943 0.70626
2171 666 943 0.70626
2172 666 943 0.70626
2173 666 943 0.70626
2174 666 943 0.70626
2175 666 943 0.70626
2176 666 943 0.70626
2177 666 943 0.70626
2178 666 943 0.70626
2179 666 943 0.70626
2180 664 943 0.70414
2181 664 943 0.70414
2182 664 943 0.70414
2183 665 943 0.7052
2184 665 943 0.7052
2185 664 943 0.70414
2186 664 943 0.70414
2187 664 943 0.70414
2188 664 943 0.70414
2189 664 943 0.70414
2190 665 943 0.7052
2191 664 943 0.70414
2192 665 943 0.7052
2193 664 943 0.70414
2194 664 943 0.70414
2195 664 943 0.70414
2196 664 943 0.70414
2197 664 943 0.70414
2198 664 943 0.70414
2199 664 943 0.70414
2200 664 943 0.70414
2201 664 943 0.70414
2202 664 943 0.70414
2203 665 943 0.7052
2204 665 943 0.7052
2205 663 943 0.70308
2206 663 943 0.70308
2207 663 943 0.70308
2208 663 943 0.70308
2209 663 943 0.70308
2210 663 943 0.70308
2211 663 943 0.70308
2212 663 943 0.70308
2213 663 943 0.70308
2214 663 943 0.70308
2215 664 943 0.70414
2216 664 943 0.70414
2217 664 943 0.70414
2218 664 943 0.70414
2219 664 943 0.70414
2220 664 943 0.70414
2221 664 943 0.70414
2222 664 943 0.70414
2223 664 943 0.70414
2224 664 943 0.70414
2225 663 943 0.70308
2226 663 943 0.70308
2227 663 943 0.70308
2228 663 943 0.70308
2229 663 943 0.70308
2230 664 943 0.70414
2231 664 943 0.70414
2232 664 943 0.70414
2233 664 943 0.70414
2234 663 943 0.70308
2235 663 943 0.70308
2236 663 943 0.70308
2237 663 943 0.70308
2238 663 943 0.70308
2239 663 943 0.70308
2240 663 943 0.70308
2241 663 943 0.70308
2242 662 943 0.70201
2243 662 943 0.70201
2244 662 943 0.70201
2245 662 943 0.70201
2246 662 943 0.70201
2247 663 943 0.70308
2248 662 943 0.70201
2249 662 943 0.70201
2250 664 943 0.70414
2251 663 943 0.70308
2252 663 943 0.70308
2253 663 943 0.70308
2254 663 943 0.70308
2255 663 943 0.70308
2256 663 943 0.70308
2257 663 943 0.70308
2258 663 943 0.70308
2259 663 943 0.70308
2260 663 943 0.70308
2261 662 943 0.70201
2262 662 943 0.70201
2263 662 943 0.70201
2264 663 943 0.70308
2265 663 943 0.70308
2266 663 943 0.70308
2267 663 943 0.70308
2268 663 943 0.70308
2269 663 943 0.70308
2270 663 943 0.70308
2271 664 943 0.70414
2272 665 943 0.7052
2273 665 943 0.7052
2274 665 943 0.7052
2275 665 943 0.7052
2276 665 943 0.7052
2277 665 943 0.7052
2278 665 943 0.7052
2279 665 943 0.7052
2280 665 943 0.7052
2281 664 943 0.70414
2282 664 943 0.70414
2283 665 943 0.7052
2284 664 943 0.70414
2285 664 943 0.70414
2286 664 943 0.70414
2287 663 943 0.70308
2288 663 943 0.70308
2289 663 943 0.70308
2290 663 943 0.70308
2291 663 943 0.70308
2292 664 943 0.70414
2293 663 943 0.70308
2294 663 943 0.70308
2295 663 943 0.70308
2296 663 943 0.70308
2297 662 943 0.70201
2298 664 943 0.70414
2299 663 943 0.70308
2300 664 943 0.70414
2301 664 943 0.70414
2302 663 943 0.70308
2303 665 943 0.7052
2304 663 943 0.70308
2305 663 943 0.70308
2306 662 943 0.70201
2307 662 943 0.70201
2308 662 943 0.70201
2309 662 943 0.70201
2310 663 943 0.70308
2311 665 943 0.7052
2312 663 943 0.70308
2313 664 943 0.70414
2314 664 943 0.70414
2315 664 943 0.70414
2316 665 943 0.7052
2317 664 943 0.70414
2318 665 943 0.7052
2319 664 943 0.70414
2320 664 943 0.70414
2321 664 943 0.70414
2322 663 943 0.70308
2323 664 943 0.70414
2324 664 943 0.70414
2325 664 943 0.70414
2326 664 943 0.70414
2327 666 943 0.70626
2328 665 943 0.7052
2329 664 943 0.70414
2330 663 943 0.70308
2331 663 943 0.70308
2332 663 943 0.70308
2333 664 943 0.70414
2334 665 943 0.7052
2335 665 943 0.7052
2336 665 943 0.7052
2337 664 943 0.70414
2338 665 943 0.7052
2339 666 943 0.70626
2340 665 943 0.7052
2341 665 943 0.7052
2342 665 943 0.7052
2343 665 943 0.7052
2344 665 943 0.7052
2345 665 943 0.7052
2346 664 943 0.70414
2347 664 943 0.70414
2348 665 943 0.7052
2349 665 943 0.7052
2350 664 943 0.70414
2351 665 943 0.7052
2352 666 943 0.70626
2353 666 943 0.70626
2354 666 943 0.70626
2355 666 943 0.70626
2356 667 943 0.70732
2357 665 943 0.7052
2358 666 943 0.70626
2359 665 943 0.7052
2360 665 943 0.7052
2361 666 943 0.70626
2362 664 943 0.70414
2363 665 943 0.7052
2364 665 943 0.7052
2365 665 943 0.7052
2366 665 943 0.7052
2367 665 943 0.7052
2368 665 943 0.7052
2369 665 943 0.7052
2370 665 943 0.7052
2371 665 943 0.7052
2372 664 943 0.70414
2373 665 943 0.7052
2374 664 943 0.70414
2375 664 943 0.70414
2376 664 943 0.70414
2377 664 943 0.70414
2378 664 943 0.70414
2379 664 943 0.70414
2380 662 943 0.70201
2381 663 943 0.70308
2382 663 943 0.70308
2383 663 943 0.70308
2384 663 943 0.70308
2385 663 943 0.70308
2386 663 943 0.70308
2387 663 943 0.70308
2388 663 943 0.70308
2389 661 943 0.70095
2390 662 943 0.70201
2391 661 943 0.70095
2392 660 943 0.69989
2393 659 943 0.69883
2394 661 943 0.70095
2395 660 943 0.69989
2396 659 943 0.69883
2397 659 943 0.69883
2398 660 943 0.69989
2399 660 943 0.69989
2400 660 943 0.69989
2401 660 943 0.69989
2402 662 943 0.70201
2403 661 943 0.70095
2404 661 943 0.70095
2405 661 943 0.70095
2406 661 943 0.70095
2407 661 943 0.70095
2408 661 943 0.70095
2409 661 943 0.70095
2410 661 943 0.70095
2411 661 943 0.70095
2412 661 943 0.70095
2413 661 943 0.70095
2414 661 943 0.70095
2415 661 943 0.70095
2416 661 943 0.70095
2417 661 943 0.70095
2418 661 943 0.70095
2419 661 943 0.70095
2420 661 943 0.70095
2421 661 943 0.70095
2422 661 943 0.70095
2423 661 943 0.70095
2424 662 943 0.70201
2425 662 943 0.70201
2426 662 943 0.70201
2427 663 943 0.70308
2428 663 943 0.70308
2429 662 943 0.70201
2430 661 943 0.70095
2431 662 943 0.70201
2432 662 943 0.70201
2433 662 943 0.70201
2434 662 943 0.70201
2435 661 943 0.70095
2436 661 943 0.70095
2437 662 943 0.70201
2438 663 943 0.70308
2439 662 943 0.70201
2440 662 943 0.70201
2441 662 943 0.70201
2442 663 943 0.70308
2443 662 943 0.70201
2444 661 943 0.70095
2445 662 943 0.70201
2446 663 943 0.70308
2447 661 943 0.70095
2448 663 943 0.70308
2449 663 943 0.70308
2450 662 943 0.70201
2451 661 943 0.70095
2452 662 943 0.70201
2453 662 943 0.70201
2454 663 943 0.70308
2455 661 943 0.70095
2456 661 943 0.70095
2457 661 943 0.70095
2458 661 943 0.70095
2459 662 943 0.70201
2460 663 943 0.70308
2461 662 943 0.70201
2462 662 943 0.70201
2463 662 943 0.70201
2464 661 943 0.70095
2465 663 943 0.70308
2466 661 943 0.70095
2467 663 943 0.70308
2468 662 943 0.70201
2469 662 943 0.70201
2470 662 943 0.70201
2471 664 943 0.70414
2472 665 943 0.7052
2473 664 943 0.70414
2474 665 943 0.7052
2475 665 943 0.7052
2476 664 943 0.70414
2477 666 943 0.70626
2478 667 943 0.70732
2479 666 943 0.70626
2480 665 943 0.7052
2481 665 943 0.7052
2482 664 943 0.70414
2483 664 943 0.70414
2484 665 943 0.7052
2485 664 943 0.70414
2486 664 943 0.70414
2487 664 943 0.70414
2488 664 943 0.70414
2489 664 943 0.70414
2490 663 943 0.70308
2491 663 943 0.70308
2492 662 943 0.70201
2493 663 943 0.70308
2494 662 943 0.70201
2495 662 943 0.70201
2496 662 943 0.70201
2497 662 943 0.70201
2498 661 943 0.70095
2499 661 943 0.70095
2500 661 943 0.70095
2501 662 943 0.70201
2502 662 943 0.70201
2503 661 943 0.70095
2504 663 943 0.70308
2505 662 943 0.70201
2506 662 943 0.70201
2507 662 943 0.70201
2508 662 943 0.70201
2509 662 943 0.70201
2510 662 943 0.70201
2511 663 943 0.70308
2512 663 943 0.70308
2513 663 943 0.70308
2514 663 943 0.70308
2515 663 943 0.70308
2516 662 943 0.70201
2517 661 943 0.70095
2518 661 943 0.70095
2519 661 943 0.70095
2520 661 943 0.70095
2521 662 943 0.70201
2522 662 943 0.70201
2523 663 943 0.70308
2524 662 943 0.70201
2525 662 943 0.70201
2526 663 943 0.70308
2527 664 943 0.70414
2528 663 943 0.70308
2529 663 943 0.70308
2530 664 943 0.70414
2531 665 943 0.7052
2532 663 943 0.70308
2533 663 943 0.70308
2534 664 943 0.70414
2535 664 943 0.70414
2536 664 943 0.70414
2537 663 943 0.70308
2538 663 943 0.70308
2539 664 943 0.70414
2540 663 943 0.70308
2541 664 943 0.70414
2542 664 943 0.70414
2543 664 943 0.70414
2544 664 943 0.70414
2545 664 943 0.70414
2546 664 943 0.70414
2547 664 943 0.70414
2548 665 943 0.7052
2549 665 943 0.7052
2550 664 943 0.70414
2551 664 943 0.70414
2552 664 943 0.70414
2553 664 943 0.70414
2554 664 943 0.70414
2555 664 943 0.70414
2556 664 943 0.70414
2557 664 943 0.70414
2558 665 943 0.7052
2559 664 943 0.70414
2560 664 943 0.70414
2561 664 943 0.70414
2562 665 943 0.7052
2563 665 943 0.7052
2564 664 943 0.70414
2565 665 943 0.7052
2566 665 943 0.7052
2567 665 943 0.7052
2568 665 943 0.7052
2569 664 943 0.70414
2570 663 943 0.70308
2571 663 943 0.70308
2572 663 943 0.70308
2573 663 943 0.70308
2574 663 943 0.70308
2575 663 943 0.70308
2576 663 943 0.70308
2577 664 943 0.70414
2578 664 943 0.70414
2579 664 943 0.70414
2580 663 943 0.70308
2581 663 943 0.70308
2582 663 943 0.70308
2583 663 943 0.70308
2584 663 943 0.70308
2585 662 943 0.70201
2586 662 943 0.70201
2587 661 943 0.70095
2588 661 943 0.70095
2589 661 943 0.70095
2590 663 943 0.70308
2591 663 943 0.70308
2592 663 943 0.70308
2593 665 943 0.7052
2594 666 943 0.70626
2595 665 943 0.7052
2596 664 943 0.70414
2597 664 943 0.70414
2598 665 943 0.7052
2599 666 943 0.70626
2600 663 943 0.70308
2601 662 943 0.70201
2602 663 943 0.70308
2603 663 943 0.70308
2604 663 943 0.70308
2605 663 943 0.70308
2606 663 943 0.70308
2607 663 943 0.70308
2608 662 943 0.70201
2609 664 943 0.70414
2610 665 943 0.7052
2611 667 943 0.70732
2612 666 943 0.70626
2613 664 943 0.70414
2614 663 943 0.70308
2615 665 943 0.7052
2616 666 943 0.70626
2617 666 943 0.70626
2618 667 943 0.70732
2619 663 943 0.70308
2620 662 943 0.70201
2621 663 943 0.70308
2622 661 943 0.70095
2623 661 943 0.70095
2624 662 943 0.70201
2625 663 943 0.70308
2626 663 943 0.70308
2627 661 943 0.70095
2628 661 943 0.70095
2629 660 943 0.69989
2630 661 943 0.70095
2631 661 943 0.70095
2632 661 943 0.70095
2633 662 943 0.70201
2634 664 943 0.70414
2635 664 943 0.70414
2636 664 943 0.70414
2637 664 943 0.70414
2638 662 943 0.70201
2639 663 943 0.70308
2640 664 943 0.70414
2641 661 943 0.70095
2642 662 943 0.70201
2643 663 943 0.70308
2644 661 943 0.70095
2645 662 943 0.70201
2646 661 943 0.70095
2647 662 943 0.70201
2648 661 943 0.70095
2649 660 943 0.69989
2650 661 943 0.70095
2651 660 943 0.69989
2652 661 943 0.70095
2653 660 943 0.69989
2654 660 943 0.69989
2655 661 943 0.70095
2656 661 943 0.70095
2657 660 943 0.69989
2658 661 943 0.70095
2659 661 943 0.70095
2660 660 943 0.69989
2661 660 943 0.69989
2662 660 943 0.69989
2663 661 943 0.70095
2664 661 943 0.70095
2665 660 943 0.69989
2666 659 943 0.69883
2667 660 943 0.69989
2668 659 943 0.69883
2669 660 943 0.69989
2670 660 943 0.69989
2671 660 943 0.69989
2672 660 943 0.69989
2673 661 943 0.70095
2674 661 943 0.70095
2675 661 943 0.70095
2676 661 943 0.70095
2677 661 943 0.70095
2678 662 943 0.70201
2679 662 943 0.70201
2680 662 943 0.70201
2681 662 943 0.70201
2682 662 943 0.70201
2683 663 943 0.70308
2684 664 943 0.70414
2685 663 943 0.70308
2686 663 943 0.70308
2687 663 943 0.70308
2688 662 943 0.70201
2689 662 943 0.70201
2690 663 943 0.70308
2691 661 943 0.70095
2692 661 943 0.70095
2693 662 943 0.70201
2694 662 943 0.70201
2695 662 943 0.70201
2696 662 943 0.70201
2697 661 943 0.70095
2698 661 943 0.70095
2699 662 943 0.70201
2700 663 943 0.70308
2701 662 943 0.70201
2702 661 943 0.70095
2703 662 943 0.70201
2704 663 943 0.70308
2705 663 943 0.70308
2706 663 943 0.70308
2707 663 943 0.70308
2708 662 943 0.70201
2709 663 943 0.70308
2710 663 943 0.70308
2711 663 943 0.70308
2712 662 943 0.70201
2713 662 943 0.70201
2714 661 943 0.70095
2715 662 943 0.70201
2716 662 943 0.70201
2717 662 943 0.70201
2718 662 943 0.70201
2719 662 943 0.70201
2720 662 943 0.70201
2721 662 943 0.70201
2722 662 943 0.70201
2723 661 943 0.70095
2724 662 943 0.70201
2725 662 943 0.70201
2726 662 943 0.70201
2727 662 943 0.70201
2728 662 943 0.70201
2729 662 943 0.70201
2730 662 943 0.70201
2731 663 943 0.70308
2732 664 943 0.70414
2733 664 943 0.70414
2734 664 943 0.70414
2735 664 943 0.70414
2736 664 943 0.70414
2737 664 943 0.70414
2738 664 943 0.70414
2739 664 943 0.70414
2740 664 943 0.70414
2741 663 943 0.70308
2742 664 943 0.70414
2743 664 943 0.70414
2744 664 943 0.70414
2745 663 943 0.70308
2746 663 943 0.70308
2747 665 943 0.7052
2748 664 943 0.70414
2749 663 943 0.70308
2750 663 943 0.70308
2751 663 943 0.70308
2752 663 943 0.70308
2753 663 943 0.70308
2754 663 943 0.70308
2755 663 943 0.70308
2756 663 943 0.70308
2757 663 943 0.70308
2758 663 943 0.70308
2759 664 943 0.70414
2760 664 943 0.70414
2761 664 943 0.70414
2762 664 943 0.70414
2763 664 943 0.70414
2764 662 943 0.70201
2765 664 943 0.70414
2766 664 943 0.70414
2767 664 943 0.70414
2768 664 943 0.70414
2769 663 943 0.70308
2770 663 943 0.70308
2771 662 943 0.70201
2772 661 943 0.70095
2773 663 943 0.70308
2774 661 943 0.70095
2775 663 943 0.70308
2776 663 943 0.70308
2777 663 943 0.70308
2778 663 943 0.70308
2779 663 943 0.70308
2780 664 943 0.70414
2781 663 943 0.70308
2782 663 943 0.70308
2783 662 943 0.70201
2784 663 943 0.70308
2785 663 943 0.70308
2786 663 943 0.70308
2787 663 943 0.70308
2788 665 943 0.7052
2789 665 943 0.7052
2790 663 943 0.70308
2791 664 943 0.70414
2792 663 943 0.70308
2793 664 943 0.70414
2794 664 943 0.70414
2795 664 943 0.70414
2796 664 943 0.70414
2797 665 943 0.7052
2798 665 943 0.7052
2799 665 943 0.7052
2800 665 943 0.7052
2801 665 943 0.7052
2802 665 943 0.7052
2803 665 943 0.7052
2804 664 943 0.70414
2805 665 943 0.7052
2806 665 943 0.7052
2807 664 943 0.70414
2808 664 943 0.70414
2809 665 943 0.7052
2810 664 943 0.70414
2811 664 943 0.70414
2812 664 943 0.70414
2813 664 943 0.70414
2814 664 943 0.70414
2815 664 943 0.70414
2816 664 943 0.70414
2817 663 943 0.70308
2818 664 943 0.70414
2819 664 943 0.70414
2820 663 943 0.70308
2821 663 943 0.70308
2822 663 943 0.70308
2823 663 943 0.70308
2824 663 943 0.70308
2825 662 943 0.70201
2826 662 943 0.70201
2827 662 943 0.70201
2828 662 943 0.70201
2829 661 943 0.70095
2830 661 943 0.70095
2831 663 943 0.70308
2832 664 943 0.70414
2833 663 943 0.70308
2834 662 943 0.70201
2835 661 943 0.70095
2836 662 943 0.70201
2837 662 943 0.70201
2838 662 943 0.70201
2839 662 943 0.70201
2840 663 943 0.70308
2841 663 943 0.70308
2842 663 943 0.70308
2843 663 943 0.70308
2844 663 943 0.70308
2845 663 943 0.70308
2846 664 943 0.70414
2847 664 943 0.70414
2848 662 943 0.70201
2849 662 943 0.70201
2850 662 943 0.70201
2851 662 943 0.70201
2852 662 943 0.70201
2853 662 943 0.70201
2854 661 943 0.70095
2855 661 943 0.70095
2856 661 943 0.70095
2857 661 943 0.70095
2858 661 943 0.70095
2859 661 943 0.70095
2860 661 943 0.70095
2861 662 943 0.70201
2862 662 943 0.70201
2863 663 943 0.70308
2864 663 943 0.70308
2865 662 943 0.70201
2866 661 943 0.70095
2867 661 943 0.70095
2868 662 943 0.70201
2869 663 943 0.70308
2870 662 943 0.70201
2871 661 943 0.70095
2872 662 943 0.70201
2873 662 943 0.70201
2874 662 943 0.70201
2875 662 943 0.70201
2876 661 943 0.70095
2877 661 943 0.70095
2878 661 943 0.70095
2879 661 943 0.70095
2880 661 943 0.70095
2881 661 943 0.70095
2882 661 943 0.70095
2883 661 943 0.70095
2884 661 943 0.70095
2885 661 943 0.70095
2886 662 943 0.70201
2887 662 943 0.70201
2888 662 943 0.70201
2889 662 943 0.70201
2890 662 943 0.70201
2891 661 943 0.70095
2892 662 943 0.70201
2893 661 943 0.70095
2894 661 943 0.70095
2895 661 943 0.70095
2896 660 943 0.69989
2897 660 943 0.69989
2898 660 943 0.69989
2899 660 943 0.69989
2900 661 943 0.70095
2901 661 943 0.70095
2902 662 943 0.70201
2903 662 943 0.70201
2904 662 943 0.70201
2905 662 943 0.70201
2906 663 943 0.70308
2907 662 943 0.70201
2908 663 943 0.70308
2909 663 943 0.70308
2910 663 943 0.70308
2911 663 943 0.70308
2912 662 943 0.70201
2913 662 943 0.70201
2914 662 943 0.70201
2915 662 943 0.70201
2916 662 943 0.70201
2917 662 943 0.70201
2918 661 943 0.70095
2919 662 943 0.70201
2920 662 943 0.70201
2921 662 943 0.70201
2922 662 943 0.70201
2923 663 943 0.70308
2924 663 943 0.70308
2925 662 943 0.70201
2926 662 943 0.70201
2927 662 943 0.70201
2928 663 943 0.70308
2929 663 943 0.70308
2930 663 943 0.70308
2931 663 943 0.70308
2932 663 943 0.70308
2933 663 943 0.70308
2934 662 943 0.70201
2935 662 943 0.70201
2936 662 943 0.70201
2937 662 943 0.70201
2938 663 943 0.70308
2939 663 943 0.70308
2940 663 943 0.70308
2941 663 943 0.70308
2942 663 943 0.70308
2943 663 943 0.70308
2944 662 943 0.70201
2945 662 943 0.70201
2946 662 943 0.70201
2947 662 943 0.70201
2948 662 943 0.70201
2949 662 943 0.70201
2950 662 943 0.70201
2951 661 943 0.70095
2952 661 943 0.70095
2953 661 943 0.70095
2954 661 943 0.70095
2955 662 943 0.70201
2956 662 943 0.70201
2957 662 943 0.70201
2958 662 943 0.70201
2959 662 943 0.70201
2960 662 943 0.70201
2961 662 943 0.70201
2962 662 943 0.70201
2963 662 943 0.70201
2964 662 943 0.70201
2965 663 943 0.70308
2966 663 943 0.70308
2967 663 943 0.70308
2968 663 943 0.70308
2969 663 943 0.70308
2970 662 943 0.70201
2971 662 943 0.70201
2972 662 943 0.70201
2973 662 943 0.70201
2974 662 943 0.70201
2975 662 943 0.70201
2976 662 943 0.70201
2977 661 943 0.70095
2978 662 943 0.70201
2979 661 943 0.70095
2980 661 943 0.70095
2981 661 943 0.70095
2982 661 943 0.70095
2983 661 943 0.70095
2984 662 943 0.70201
2985 662 943 0.70201
2986 661 943 0.70095
2987 662 943 0.70201
2988 662 943 0.70201
2989 662 943 0.70201
2990 661 943 0.70095
2991 661 943 0.70095
2992 661 943 0.70095
2993 660 943 0.69989
2994 660 943 0.69989
2995 659 943 0.69883
2996 659 943 0.69883
2997 659 943 0.69883
2998 659 943 0.69883
2999 659 943 0.69883
3000 659 943 0.69883
3001 659 943 0.69883
3002 661 943 0.70095
3003 661 943 0.70095
3004 661 943 0.70095
3005 660 943 0.69989
3006 660 943 0.69989
3007 661 943 0.70095
3008 662 943 0.70201
3009 662 943 0.70201
3010 662 943 0.70201
3011 662 943 0.70201
3012 661 943 0.70095
3013 661 943 0.70095
3014 661 943 0.70095
3015 661 943 0.70095
3016 661 943 0.70095
3017 662 943 0.70201
3018 661 943 0.70095
3019 661 943 0.70095
3020 661 943 0.70095
3021 662 943 0.70201
3022 662 943 0.70201
3023 662 943 0.70201
3024 662 943 0.70201
3025 662 943 0.70201
3026 661 943 0.70095
3027 661 943 0.70095
3028 661 943 0.70095
3029 662 943 0.70201
3030 663 943 0.70308
3031 662 943 0.70201
3032 662 943 0.70201
3033 661 943 0.70095
3034 661 943 0.70095
3035 661 943 0.70095
3036 662 943 0.70201
3037 662 943 0.70201
3038 662 943 0.70201
3039 662 943 0.70201
3040 661 943 0.70095
3041 662 943 0.70201
3042 662 943 0.70201
3043 661 943 0.70095
3044 662 943 0.70201
3045 661 943 0.70095
3046 661 943 0.70095
3047 661 943 0.70095
3048 661 943 0.70095
3049 661 943 0.70095
3050 659 943 0.69883
3051 659 943 0.69883
3052 660 943 0.69989
3053 660 943 0.69989
3054 660 943 0.69989
3055 659 943 0.69883
3056 660 943 0.69989
3057 660 943 0.69989
3058 661 943 0.70095
3059 660 943 0.69989
3060 661 943 0.70095
3061 661 943 0.70095
3062 662 943 0.70201
3063 661 943 0.70095
3064 661 943 0.70095
3065 660 943 0.69989
3066 659 943 0.69883
3067 659 943 0.69883
3068 660 943 0.69989
3069 660 943 0.69989
3070 659 943 0.69883
3071 659 943 0.69883
3072 660 943 0.69989
3073 660 943 0.69989
3074 660 943 0.69989
3075 660 943 0.69989
3076 660 943 0.69989
3077 660 943 0.69989
3078 659 943 0.69883
3079 659 943 0.69883
3080 659 943 0.69883
3081 659 943 0.69883
3082 659 943 0.69883
3083 659 943 0.69883
3084 659 943 0.69883
3085 659 943 0.69883
3086 659 943 0.69883
3087 659 943 0.69883
3088 659 943 0.69883
3089 659 943 0.69883
3090 659 943 0.69883
3091 659 943 0.69883
3092 659 943 0.69883
3093 659 943 0.69883
3094 659 943 0.69883
3095 659 943 0.69883
3096 659 943 0.69883
3097 659 943 0.69883
3098 659 943 0.69883
3099 660 943 0.69989
3100 660 943 0.69989
3101 659 943 0.69883
3102 658 943 0.69777
3103 658 943 0.69777
3104 657 943 0.69671
3105 657 943 0.69671
3106 657 943 0.69671
3107 658 943 0.69777
3108 658 943 0.69777
3109 658 943 0.69777
3110 658 943 0.69777
3111 658 943 0.69777
3112 658 943 0.69777
3113 658 943 0.69777
3114 658 943 0.69777
3115 657 943 0.69671
3116 656 943 0.69565
3117 657 943 0.69671
3118 657 943 0.69671
3119 656 943 0.69565
3120 656 943 0.69565
3121 656 943 0.69565
3122 656 943 0.69565
3123 656 943 0.69565
3124 656 943 0.69565
3125 656 943 0.69565
3126 657 943 0.69671
3127 657 943 0.69671
3128 657 943 0.69671
3129 657 943 0.69671
3130 657 943 0.69671
3131 657 943 0.69671
3132 657 943 0.69671
3133 659 943 0.69883
3134 659 943 0.69883
3135 659 943 0.69883
3136 659 943 0.69883
3137 659 943 0.69883
3138 659 943 0.69883
3139 660 943 0.69989
3140 660 943 0.69989
3141 660 943 0.69989
3142 660 943 0.69989
3143 659 943 0.69883
3144 659 943 0.69883
3145 659 943 0.69883
3146 660 943 0.69989
3147 659 943 0.69883
3148 660 943 0.69989
3149 661 943 0.70095
3150 661 943 0.70095
3151 661 943 0.70095
3152 662 943 0.70201
3153 662 943 0.70201
3154 662 943 0.70201
3155 662 943 0.70201
3156 661 943 0.70095
3157 661 943 0.70095
3158 661 943 0.70095
3159 661 943 0.70095
3160 661 943 0.70095
3161 661 943 0.70095
3162 661 943 0.70095
3163 661 943 0.70095
3164 660 943 0.69989
3165 660 943 0.69989
3166 661 943 0.70095
3167 662 943 0.70201
3168 663 943 0.70308
3169 662 943 0.70201
3170 661 943 0.70095
3171 661 943 0.70095
3172 662 943 0.70201
3173 662 943 0.70201
3174 662 943 0.70201
3175 661 943 0.70095
3176 662 943 0.70201
3177 662 943 0.70201
3178 662 943 0.70201
3179 662 943 0.70201
3180 660 943 0.69989
3181 660 943 0.69989
3182 660 943 0.69989
3183 661 943 0.70095
3184 662 943 0.70201
3185 662 943 0.70201
3186 662 943 0.70201
3187 662 943 0.70201
3188 664 943 0.70414
3189 664 943 0.70414
3190 663 943 0.70308
3191 663 943 0.70308
3192 662 943 0.70201
3193 662 943 0.70201
3194 662 943 0.70201
3195 662 943 0.70201
3196 662 943 0.70201
3197 663 943 0.70308
3198 663 943 0.70308
3199 663 943 0.70308
3200 663 943 0.70308
3201 663 943 0.70308
3202 664 943 0.70414
3203 663 943 0.70308
3204 663 943 0.70308
3205 663 943 0.70308
3206 663 943 0.70308
3207 663 943 0.70308
3208 663 943 0.70308
3209 662 943 0.70201
3210 662 943 0.70201
3211 663 943 0.70308
3212 663 943 0.70308
3213 663 943 0.70308
3214 662 943 0.70201
3215 662 943 0.70201
3216 662 943 0.70201
3217 662 943 0.70201
3218 661 943 0.70095
3219 661 943 0.70095
3220 662 943 0.70201
3221 662 943 0.70201
3222 662 943 0.70201
3223 662 943 0.70201
3224 662 943 0.70201
3225 662 943 0.70201
3226 662 943 0.70201
3227 662 943 0.70201
3228 662 943 0.70201
3229 662 943 0.70201
3230 662 943 0.70201
3231 662 943 0.70201
3232 662 943 0.70201
3233 662 943 0.70201
3234 662 943 0.70201
3235 662 943 0.70201
3236 662 943 0.70201
3237 662 943 0.70201
3238 662 943 0.70201
3239 662 943 0.70201
3240 662 943 0.70201
3241 662 943 0.70201
3242 662 943 0.70201
3243 662 943 0.70201
3244 662 943 0.70201
3245 662 943 0.70201
3246 662 943 0.70201
3247 662 943 0.70201
3248 662 943 0.70201
3249 662 943 0.70201
3250 662 943 0.70201
3251 662 943 0.70201
3252 663 943 0.70308
3253 663 943 0.70308
3254 662 943 0.70201
3255 662 943 0.70201
3256 662 943 0.70201
3257 663 943 0.70308
3258 662 943 0.70201
3259 663 943 0.70308
3260 663 943 0.70308
3261 663 943 0.70308
3262 663 943 0.70308
3263 663 943 0.70308
3264 663 943 0.70308
3265 662 943 0.70201
3266 662 943 0.70201
3267 662 943 0.70201
3268 662 943 0.70201
3269 663 943 0.70308
3270 663 943 0.70308
3271 663 943 0.70308
3272 663 943 0.70308
3273 663 943 0.70308
3274 663 943 0.70308
3275 663 943 0.70308
3276 663 943 0.70308
3277 664 943 0.70414
3278 663 943 0.70308
3279 663 943 0.70308
3280 662 943 0.70201
3281 661 943 0.70095
3282 662 943 0.70201
3283 660 943 0.69989
3284 661 943 0.70095
3285 662 943 0.70201
3286 661 943 0.70095
3287 661 943 0.70095
3288 661 943 0.70095
3289 661 943 0.70095
3290 660 943 0.69989
3291 661 943 0.70095
3292 662 943 0.70201
3293 662 943 0.70201
3294 662 943 0.70201
3295 663 943 0.70308
3296 663 943 0.70308
3297 663 943 0.70308
3298 663 943 0.70308
3299 661 943 0.70095
3300 662 943 0.70201
3301 661 943 0.70095
3302 661 943 0.70095
3303 662 943 0.70201
3304 661 943 0.70095
3305 661 943 0.70095
3306 661 943 0.70095
3307 662 943 0.70201
3308 661 943 0.70095
3309 662 943 0.70201
3310 662 943 0.70201
3311 662 943 0.70201
3312 662 943 0.70201
3313 662 943 0.70201
3314 662 943 0.70201
3315 663 943 0.70308
3316 663 943 0.70308
3317 663 943 0.70308
3318 663 943 0.70308
3319 663 943 0.70308
3320 663 943 0.70308
3321 663 943 0.70308
3322 663 943 0.70308
3323 663 943 0.70308
3324 662 943 0.70201
3325 663 943 0.70308
3326 662 943 0.70201
3327 662 943 0.70201
3328 661 943 0.70095
3329 660 943 0.69989
3330 663 943 0.70308
3331 663 943 0.70308
3332 663 943 0.70308
3333 663 943 0.70308
3334 663 943 0.70308
3335 662 943 0.70201
3336 662 943 0.70201
3337 661 943 0.70095
3338 662 943 0.70201
3339 662 943 0.70201
3340 662 943 0.70201
3341 662 943 0.70201
3342 662 943 0.70201
3343 662 943 0.70201
3344 663 943 0.70308
3345 661 943 0.70095
3346 662 943 0.70201
3347 663 943 0.70308
3348 663 943 0.70308
3349 663 943 0.70308
3350 663 943 0.70308
3351 662 943 0.70201
3352 662 943 0.70201
3353 663 943 0.70308
3354 661 943 0.70095
3355 661 943 0.70095
3356 662 943 0.70201
3357 662 943 0.70201
3358 662 943 0.70201
3359 662 943 0.70201
3360 660 943 0.69989
3361 660 943 0.69989
3362 659 943 0.69883
3363 659 943 0.69883
3364 659 943 0.69883
3365 660 943 0.69989
3366 662 943 0.70201
3367 661 943 0.70095
3368 660 943 0.69989
3369 660 943 0.69989
3370 660 943 0.69989
3371 660 943 0.69989
3372 660 943 0.69989
3373 660 943 0.69989
3374 660 943 0.69989
3375 660 943 0.69989
3376 660 943 0.69989
3377 660 943 0.69989
3378 661 943 0.70095
3379 661 943 0.70095
3380 660 943 0.69989
3381 660 943 0.69989
3382 661 943 0.70095
3383 662 943 0.70201
3384 661 943 0.70095
3385 661 943 0.70095
3386 661 943 0.70095
3387 660 943 0.69989
3388 659 943 0.69883
3389 658 943 0.69777
3390 660 943 0.69989
3391 660 943 0.69989
3392 661 943 0.70095
3393 662 943 0.70201
3394 662 943 0.70201
3395 662 943 0.70201
3396 662 943 0.70201
3397 662 943 0.70201
3398 662 943 0.70201
3399 661 943 0.70095
3400 662 943 0.70201
3401 662 943 0.70201
3402 662 943 0.70201
3403 661 943 0.70095
3404 661 943 0.70095
3405 662 943 0.70201
3406 661 943 0.70095
3407 660 943 0.69989
3408 661 943 0.70095
3409 661 943 0.70095
3410 661 943 0.70095
3411 661 943 0.70095
3412 660 943 0.69989
3413 661 943 0.70095
3414 662 943 0.70201
3415 661 943 0.70095
3416 661 943 0.70095
3417 661 943 0.70095
3418 661 943 0.70095
3419 661 943 0.70095
3420 661 943 0.70095
3421 662 943 0.70201
3422 661 943 0.70095
3423 661 943 0.70095
3424 661 943 0.70095
3425 661 943 0.70095
3426 662 943 0.70201
3427 662 943 0.70201
3428 662 943 0.70201
3429 662 943 0.70201
3430 662 943 0.70201
3431 662 943 0.70201
3432 662 943 0.70201
3433 662 943 0.70201
3434 662 943 0.70201
3435 662 943 0.70201
3436 662 943 0.70201
3437 662 943 0.70201
3438 662 943 0.70201
3439 662 943 0.70201
3440 662 943 0.70201
3441 662 943 0.70201
3442 662 943 0.70201
3443 662 943 0.70201
3444 662 943 0.70201
3445 662 943 0.70201
3446 662 943 0.70201
3447 663 943 0.70308
3448 662 943 0.70201
3449 662 943 0.70201
3450 662 943 0.70201
3451 662 943 0.70201
3452 663 943 0.70308
3453 663 943 0.70308
3454 662 943 0.70201
3455 663 943 0.70308
3456 663 943 0.70308
3457 663 943 0.70308
3458 662 943 0.70201
3459 662 943 0.70201
3460 663 943 0.70308
3461 663 943 0.70308
3462 662 943 0.70201
3463 663 943 0.70308
3464 663 943 0.70308
3465 662 943 0.70201
3466 662 943 0.70201
3467 662 943 0.70201
3468 662 943 0.70201
3469 662 943 0.70201
3470 662 943 0.70201
3471 663 943 0.70308
3472 663 943 0.70308
3473 663 943 0.70308
3474 663 943 0.70308
3475 661 943 0.70095
3476 662 943 0.70201
3477 661 943 0.70095
3478 661 943 0.70095
3479 662 943 0.70201
3480 662 943 0.70201
3481 663 943 0.70308
3482 663 943 0.70308
3483 663 943 0.70308
3484 663 943 0.70308
3485 662 943 0.70201
3486 662 943 0.70201
3487 662 943 0.70201
3488 663 943 0.70308
3489 663 943 0.70308
3490 662 943 0.70201
3491 662 943 0.70201
3492 663 943 0.70308
3493 663 943 0.70308
3494 662 943 0.70201
3495 663 943 0.70308
3496 663 943 0.70308
3497 662 943 0.70201
3498 663 943 0.70308
3499 663 943 0.70308
3500 663 943 0.70308
3501 663 943 0.70308
3502 663 943 0.70308
3503 663 943 0.70308
3504 663 943 0.70308
3505 663 943 0.70308
3506 663 943 0.70308
3507 663 943 0.70308
3508 662 943 0.70201
3509 664 943 0.70414
3510 663 943 0.70308
3511 662 943 0.70201
3512 663 943 0.70308
3513 661 943 0.70095
3514 662 943 0.70201
3515 662 943 0.70201
3516 662 943 0.70201
3517 663 943 0.70308
3518 662 943 0.70201
3519 662 943 0.70201
3520 662 943 0.70201
3521 662 943 0.70201
3522 662 943 0.70201
3523 662 943 0.70201
3524 662 943 0.70201
3525 662 943 0.70201
3526 662 943 0.70201
3527 661 943 0.70095
3528 662 943 0.70201
3529 662 943 0.70201
3530 662 943 0.70201
3531 662 943 0.70201
3532 662 943 0.70201
3533 662 943 0.70201
3534 662 943 0.70201
3535 662 943 0.70201
3536 661 943 0.70095
3537 661 943 0.70095
3538 661 943 0.70095
3539 661 943 0.70095
3540 661 943 0.70095
3541 661 943 0.70095
3542 663 943 0.70308
3543 662 943 0.70201
3544 662 943 0.70201
3545 662 943 0.70201
3546 662 943 0.70201
3547 661 943 0.70095
3548 661 943 0.70095
3549 661 943 0.70095
3550 661 943 0.70095
3551 662 943 0.70201
3552 661 943 0.70095
3553 660 943 0.69989
3554 660 943 0.69989
3555 660 943 0.69989
3556 660 943 0.69989
3557 660 943 0.69989
3558 660 943 0.69989
3559 660 943 0.69989
3560 660 943 0.69989
3561 660 943 0.69989
3562 660 943 0.69989
3563 659 943 0.69883
3564 659 943 0.69883
3565 659 943 0.69883
3566 659 943 0.69883
3567 660 943 0.69989
3568 660 943 0.69989
3569 660 943 0.69989
3570 660 943 0.69989
3571 660 943 0.69989
3572 660 943 0.69989
3573 661 943 0.70095
3574 661 943 0.70095
3575 661 943 0.70095
3576 662 943 0.70201
3577 661 943 0.70095
3578 661 943 0.70095
3579 661 943 0.70095
3580 661 943 0.70095
3581 661 943 0.70095
3582 662 943 0.70201
3583 661 943 0.70095
3584 663 943 0.70308
3585 662 943 0.70201
3586 662 943 0.70201
3587 662 943 0.70201
3588 662 943 0.70201
3589 663 943 0.70308
3590 662 943 0.70201
3591 662 943 0.70201
3592 661 943 0.70095
3593 661 943 0.70095
3594 661 943 0.70095
3595 661 943 0.70095
3596 661 943 0.70095
3597 661 943 0.70095
3598 661 943 0.70095
3599 661 943 0.70095
3600 661 943 0.70095
3601 661 943 0.70095
3602 661 943 0.70095
3603 660 943 0.69989
3604 660 943 0.69989
3605 660 943 0.69989
3606 661 943 0.70095
3607 660 943 0.69989
3608 660 943 0.69989
3609 661 943 0.70095
3610 661 943 0.70095
3611 661 943 0.70095
3612 661 943 0.70095
3613 660 943 0.69989
3614 660 943 0.69989
3615 661 943 0.70095
3616 661 943 0.70095
3617 661 943 0.70095
3618 660 943 0.69989
3619 660 943 0.69989
3620 661 943 0.70095
3621 661 943 0.70095
3622 661 943 0.70095
3623 661 943 0.70095
3624 661 943 0.70095
3625 661 943 0.70095
3626 661 943 0.70095
3627 661 943 0.70095
3628 660 943 0.69989
3629 661 943 0.70095
3630 662 943 0.70201
3631 661 943 0.70095
3632 661 943 0.70095
3633 661 943 0.70095
3634 661 943 0.70095
3635 662 943 0.70201
3636 662 943 0.70201
3637 662 943 0.70201
3638 662 943 0.70201
3639 662 943 0.70201
3640 662 943 0.70201
3641 662 943 0.70201
3642 661 943 0.70095
3643 661 943 0.70095
3644 660 943 0.69989
3645 660 943 0.69989
3646 660 943 0.69989
3647 660 943 0.69989
3648 660 943 0.69989
3649 659 943 0.69883
3650 661 943 0.70095
3651 660 943 0.69989
3652 660 943 0.69989
3653 660 943 0.69989
3654 660 943 0.69989
3655 660 943 0.69989
3656 660 943 0.69989
3657 660 943 0.69989
3658 660 943 0.69989
3659 660 943 0.69989
3660 659 943 0.69883
3661 659 943 0.69883
3662 659 943 0.69883
3663 659 943 0.69883
3664 659 943 0.69883
3665 659 943 0.69883
3666 659 943 0.69883
3667 659 943 0.69883
3668 660 943 0.69989
3669 660 943 0.69989
3670 660 943 0.69989
3671 660 943 0.69989
3672 660 943 0.69989
3673 659 943 0.69883
3674 659 943 0.69883
3675 659 943 0.69883
3676 660 943 0.69989
3677 659 943 0.69883
3678 659 943 0.69883
3679 659 943 0.69883
3680 659 943 0.69883
3681 659 943 0.69883
3682 659 943 0.69883
3683 659 943 0.69883
3684 659 943 0.69883
3685 659 943 0.69883
3686 659 943 0.69883
3687 659 943 0.69883
3688 659 943 0.69883
3689 659 943 0.69883
3690 659 943 0.69883
3691 659 943 0.69883
3692 659 943 0.69883
3693 659 943 0.69883
3694 659 943 0.69883
3695 659 943 0.69883
3696 659 943 0.69883
3697 659 943 0.69883
3698 659 943 0.69883
3699 659 943 0.69883
3700 659 943 0.69883
3701 659 943 0.69883
3702 659 943 0.69883
3703 660 943 0.69989
3704 660 943 0.69989
3705 660 943 0.69989
3706 660 943 0.69989
3707 660 943 0.69989
3708 661 943 0.70095
3709 660 943 0.69989
3710 660 943 0.69989
3711 660 943 0.69989
3712 660 943 0.69989
3713 660 943 0.69989
3714 660 943 0.69989
3715 660 943 0.69989
3716 660 943 0.69989
3717 660 943 0.69989
3718 660 943 0.69989
3719 660 943 0.69989
3720 659 943 0.69883
3721 660 943 0.69989
3722 659 943 0.69883
3723 660 943 0.69989
3724 660 943 0.69989
3725 660 943 0.69989
3726 660 943 0.69989
3727 662 943 0.70201
3728 662 943 0.70201
3729 662 943 0.70201
3730 662 943 0.70201
3731 661 943 0.70095
3732 661 943 0.70095
3733 661 943 0.70095
3734 662 943 0.70201
3735 661 943 0.70095
3736 661 943 0.70095
3737 661 943 0.70095
3738 662 943 0.70201
3739 661 943 0.70095
3740 661 943 0.70095
3741 661 943 0.70095
3742 660 943 0.69989
3743 660 943 0.69989
3744 659 943 0.69883
3745 660 943 0.69989
3746 660 943 0.69989
3747 661 943 0.70095
3748 660 943 0.69989
3749 660 943 0.69989
3750 661 943 0.70095
3751 660 943 0.69989
3752 660 943 0.69989
3753 659 943 0.69883
3754 660 943 0.69989
3755 660 943 0.69989
3756 661 943 0.70095
3757 661 943 0.70095
3758 662 943 0.70201
3759 662 943 0.70201
3760 662 943 0.70201
3761 662 943 0.70201
3762 662 943 0.70201
3763 662 943 0.70201
3764 662 943 0.70201
3765 662 943 0.70201
3766 662 943 0.70201
3767 662 943 0.70201
3768 662 943 0.70201
3769 662 943 0.70201
3770 662 943 0.70201
3771 661 943 0.70095
3772 661 943 0.70095
3773 661 943 0.70095
3774 662 943 0.70201
3775 661 943 0.70095
3776 662 943 0.70201
3777 660 943 0.69989
3778 660 943 0.69989
3779 660 943 0.69989
3780 660 943 0.69989
3781 660 943 0.69989
3782 660 943 0.69989
3783 660 943 0.69989
3784 660 943 0.69989
3785 660 943 0.69989
3786 661 943 0.70095
3787 660 943 0.69989
3788 660 943 0.69989
3789 660 943 0.69989
3790 660 943 0.69989
3791 660 943 0.69989
3792 661 943 0.70095
3793 662 943 0.70201
3794 661 943 0.70095
3795 661 943 0.70095
3796 662 943 0.70201
3797 662 943 0.70201
3798 662 943 0.70201
3799 660 943 0.69989
3800 660 943 0.69989
3801 661 943 0.70095
3802 661 943 0.70095
3803 661 943 0.70095
3804 661 943 0.70095
3805 660 943 0.69989
3806 660 943 0.69989
3807 661 943 0.70095
3808 661 943 0.70095
3809 661 943 0.70095
3810 660 943 0.69989
3811 661 943 0.70095
3812 661 943 0.70095
3813 660 943 0.69989
3814 661 943 0.70095
3815 661 943 0.70095
3816 661 943 0.70095
3817 661 943 0.70095
3818 661 943 0.70095
3819 660 943 0.69989
3820 661 943 0.70095
3821 660 943 0.69989
3822 660 943 0.69989
3823 660 943 0.69989
3824 661 943 0.70095
3825 661 943 0.70095
3826 661 943 0.70095
3827 660 943 0.69989
3828 660 943 0.69989
3829 660 943 0.69989
3830 661 943 0.70095
3831 661 943 0.70095
3832 661 943 0.70095
3833 660 943 0.69989
3834 661 943 0.70095
3835 660 943 0.69989
3836 661 943 0.70095
3837 661 943 0.70095
3838 660 943 0.69989
3839 660 943 0.69989
3840 660 943 0.69989
3841 660 943 0.69989
3842 662 943 0.70201
3843 661 943 0.70095
3844 662 943 0.70201
3845 661 943 0.70095
3846 661 943 0.70095
3847 662 943 0.70201
3848 662 943 0.70201
3849 662 943 0.70201
3850 663 943 0.70308
3851 662 943 0.70201
3852 662 943 0.70201
3853 662 943 0.70201
3854 662 943 0.70201
3855 662 943 0.70201
3856 661 943 0.70095
3857 661 943 0.70095
3858 662 943 0.70201
3859 661 943 0.70095
3860 661 943 0.70095
3861 661 943 0.70095
3862 661 943 0.70095
3863 661 943 0.70095
3864 659 943 0.69883
3865 659 943 0.69883
3866 660 943 0.69989
3867 660 943 0.69989
3868 661 943 0.70095
3869 661 943 0.70095
3870 661 943 0.70095
3871 660 943 0.69989
3872 661 943 0.70095
3873 661 943 0.70095
3874 661 943 0.70095
3875 661 943 0.70095
3876 661 943 0.70095
3877 662 943 0.70201
3878 662 943 0.70201
3879 663 943 0.70308
3880 662 943 0.70201
3881 662 943 0.70201
3882 662 943 0.70201
3883 662 943 0.70201
3884 662 943 0.70201
3885 662 943 0.70201
3886 662 943 0.70201
3887 662 943 0.70201
3888 662 943 0.70201
3889 662 943 0.70201
3890 661 943 0.70095
3891 661 943 0.70095
3892 662 943 0.70201
3893 661 943 0.70095
3894 662 943 0.70201
3895 661 943 0.70095
3896 661 943 0.70095
3897 660 943 0.69989
3898 660 943 0.69989
3899 661 943 0.70095
3900 661 943 0.70095
3901 661 943 0.70095
3902 661 943 0.70095
3903 662 943 0.70201
3904 662 943 0.70201
3905 662 943 0.70201
3906 662 943 0.70201
3907 662 943 0.70201
3908 662 943 0.70201
3909 663 943 0.70308
3910 662 943 0.70201
3911 662 943 0.70201
3912 662 943 0.70201
3913 663 943 0.70308
3914 662 943 0.70201
3915 662 943 0.70201
3916 661 943 0.70095
3917 660 943 0.69989
3918 661 943 0.70095
3919 662 943 0.70201
3920 661 943 0.70095
3921 662 943 0.70201
3922 661 943 0.70095
3923 662 943 0.70201
3924 662 943 0.70201
3925 662 943 0.70201
3926 662 943 0.70201
3927 662 943 0.70201
3928 662 943 0.70201
3929 662 943 0.70201
3930 662 943 0.70201
3931 661 943 0.70095
3932 662 943 0.70201
3933 662 943 0.70201
3934 662 943 0.70201
3935 662 943 0.70201
3936 662 943 0.70201
3937 661 943 0.70095
3938 661 943 0.70095
3939 661 943 0.70095
3940 661 943 0.70095
3941 661 943 0.70095
3942 661 943 0.70095
3943 660 943 0.69989
3944 660 943 0.69989
3945 659 943 0.69883
3946 659 943 0.69883
3947 659 943 0.69883
3948 659 943 0.69883
3949 660 943 0.69989
3950 661 943 0.70095
3951 660 943 0.69989
3952 659 943 0.69883
3953 659 943 0.69883
3954 660 943 0.69989
3955 660 943 0.69989
3956 660 943 0.69989
3957 660 943 0.69989
3958 660 943 0.69989
3959 660 943 0.69989
3960 660 943 0.69989
3961 660 943 0.69989
3962 661 943 0.70095
3963 661 943 0.70095
3964 661 943 0.70095
3965 661 943 0.70095
3966 662 943 0.70201
3967 661 943 0.70095
3968 661 943 0.70095
3969 661 943 0.70095
3970 663 943 0.70308
3971 661 943 0.70095
3972 662 943 0.70201
3973 662 943 0.70201
3974 663 943 0.70308
3975 662 943 0.70201
3976 663 943 0.70308
3977 661 943 0.70095
3978 662 943 0.70201
3979 662 943 0.70201
3980 662 943 0.70201
3981 662 943 0.70201
3982 662 943 0.70201
3983 661 943 0.70095
3984 661 943 0.70095
3985 661 943 0.70095
3986 661 943 0.70095
3987 661 943 0.70095
3988 661 943 0.70095
3989 661 943 0.70095
3990 661 943 0.70095
3991 661 943 0.70095
3992 661 943 0.70095
3993 661 943 0.70095
3994 661 943 0.70095
3995 661 943 0.70095
3996 661 943 0.70095
3997 661 943 0.70095
3998 661 943 0.70095
3999 661 943 0.70095
4000 662 943 0.70201
