1 74 100 0.74
2 73 100 0.73
3 75 100 0.75
4 74 100 0.74
5 72 100 0.72
6 73 100 0.73
7 73 100 0.73
8 76 100 0.76
9 76 100 0.76
10 75 100 0.75
11 77 100 0.77
12 77 100 0.77
13 76 100 0.76
14 76 100 0.76
15 75 100 0.75
16 77 100 0.77
17 76 100 0.76
18 78 100 0.78
19 77 100 0.77
20 78 100 0.78
21 77 100 0.77
22 77 100 0.77
23 78 100 0.78
24 76 100 0.76
25 77 100 0.77
26 75 100 0.75
27 79 100 0.79
28 77 100 0.77
29 76 100 0.76
30 76 100 0.76
31 77 100 0.77
32 78 100 0.78
33 78 100 0.78
34 78 100 0.78
35 78 100 0.78
36 77 100 0.77
37 77 100 0.77
38 78 100 0.78
39 77 100 0.77
40 76 100 0.76
41 78 100 0.78
42 76 100 0.76
43 78 100 0.78
44 78 100 0.78
45 78 100 0.78
46 76 100 0.76
47 76 100 0.76
48 78 100 0.78
49 78 100 0.78
50 77 100 0.77
51 76 100 0.76
52 77 100 0.77
53 77 100 0.77
54 77 100 0.77
55 77 100 0.77
56 77 100 0.77
57 78 100 0.78
58 79 100 0.79
59 79 100 0.79
60 77 100 0.77
61 78 100 0.78
62 78 100 0.78
63 77 100 0.77
64 78 100 0.78
65 77 100 0.77
66 77 100 0.77
67 77 100 0.77
68 77 100 0.77
69 77 100 0.77
70 77 100 0.77
71 77 100 0.77
72 77 100 0.77
73 77 100 0.77
74 77 100 0.77
75 77 100 0.77
76 77 100 0.77
77 77 100 0.77
78 76 100 0.76
79 76 100 0.76
80 76 100 0.76
81 76 100 0.76
82 76 100 0.76
83 77 100 0.77
84 77 100 0.77
85 78 100 0.78
86 77 100 0.77
87 76 100 0.76
88 76 100 0.76
89 75 100 0.75
90 76 100 0.76
91 76 100 0.76
92 77 100 0.77
93 77 100 0.77
94 77 100 0.77
95 76 100 0.76
96 76 100 0.76
97 76 100 0.76
98 78 100 0.78
99 78 100 0.78
100 78 100 0.78
101 77 100 0.77
102 78 100 0.78
103 77 100 0.77
104 77 100 0.77
105 77 100 0.77
106 76 100 0.76
107 77 100 0.77
108 77 100 0.77
109 78 100 0.78
110 77 100 0.77
111 77 100 0.77
112 77 100 0.77
113 77 100 0.77
114 77 100 0.77
115 77 100 0.77
116 76 100 0.76
117 76 100 0.76
118 76 100 0.76
119 76 100 0.76
120 75 100 0.75
121 76 100 0.76
122 76 100 0.76
123 76 100 0.76
124 76 100 0.76
125 77 100 0.77
126 76 100 0.76
127 77 100 0.77
128 78 100 0.78
129 77 100 0.77
130 77 100 0.77
131 77 100 0.77
132 77 100 0.77
133 77 100 0.77
134 77 100 0.77
135 78 100 0.78
136 78 100 0.78
137 78 100 0.78
138 78 100 0.78
139 78 100 0.78
140 78 100 0.78
141 78 100 0.78
142 78 100 0.78
143 78 100 0.78
144 78 100 0.78
145 78 100 0.78
146 78 100 0.78
147 78 100 0.78
148 78 100 0.78
149 78 100 0.78
150 78 100 0.78
151 78 100 0.78
152 78 100 0.78
153 78 100 0.78
154 78 100 0.78
155 78 100 0.78
156 78 100 0.78
157 78 100 0.78
158 78 100 0.78
159 78 100 0.78
160 78 100 0.78
161 77 100 0.77
162 77 100 0.77
163 78 100 0.78
164 78 100 0.78
165 78 100 0.78
166 78 100 0.78
167 78 100 0.78
168 78 100 0.78
169 78 100 0.78
170 78 100 0.78
171 78 100 0.78
172 78 100 0.78
173 78 100 0.78
174 78 100 0.78
175 78 100 0.78
176 78 100 0.78
177 78 100 0.78
178 78 100 0.78
179 78 100 0.78
180 78 100 0.78
181 78 100 0.78
182 78 100 0.78
183 78 100 0.78
184 78 100 0.78
185 78 100 0.78
186 78 100 0.78
187 78 100 0.78
188 78 100 0.78
189 78 100 0.78
190 78 100 0.78
191 78 100 0.78
192 78 100 0.78
193 78 100 0.78
194 78 100 0.78
195 78 100 0.78
196 78 100 0.78
197 78 100 0.78
198 78 100 0.78
199 78 100 0.78
200 78 100 0.78
201 78 100 0.78
202 78 100 0.78
203 78 100 0.78
204 78 100 0.78
205 78 100 0.78
206 78 100 0.78
207 78 100 0.78
208 78 100 0.78
209 78 100 0.78
210 78 100 0.78
211 78 100 0.78
212 78 100 0.78
213 78 100 0.78
214 78 100 0.78
215 78 100 0.78
216 78 100 0.78
217 78 100 0.78
218 78 100 0.78
219 78 100 0.78
220 78 100 0.78
221 78 100 0.78
222 78 100 0.78
223 78 100 0.78
224 78 100 0.78
225 78 100 0.78
226 78 100 0.78
227 78 100 0.78
228 78 100 0.78
229 78 100 0.78
230 78 100 0.78
231 78 100 0.78
232 78 100 0.78
233 78 100 0.78
234 78 100 0.78
235 78 100 0.78
236 78 100 0.78
237 78 100 0.78
238 78 100 0.78
239 78 100 0.78
240 78 100 0.78
241 78 100 0.78
242 78 100 0.78
243 78 100 0.78
244 78 100 0.78
245 78 100 0.78
246 78 100 0.78
247 78 100 0.78
248 78 100 0.78
249 78 100 0.78
250 78 100 0.78
251 78 100 0.78
252 78 100 0.78
253 78 100 0.78
254 78 100 0.78
255 78 100 0.78
256 78 100 0.78
257 78 100 0.78
258 78 100 0.78
259 78 100 0.78
260 78 100 0.78
261 78 100 0.78
262 78 100 0.78
263 78 100 0.78
264 78 100 0.78
265 78 100 0.78
266 78 100 0.78
267 78 100 0.78
268 78 100 0.78
269 78 100 0.78
270 78 100 0.78
271 78 100 0.78
272 78 100 0.78
273 78 100 0.78
274 78 100 0.78
275 77 100 0.77
276 77 100 0.77
277 77 100 0.77
278 77 100 0.77
279 77 100 0.77
280 77 100 0.77
281 77 100 0.77
282 77 100 0.77
283 77 100 0.77
284 77 100 0.77
285 78 100 0.78
286 78 100 0.78
287 78 100 0.78
288 78 100 0.78
289 78 100 0.78
290 78 100 0.78
291 78 100 0.78
292 79 100 0.79
293 79 100 0.79
294 79 100 0.79
295 79 100 0.79
296 79 100 0.79
297 79 100 0.79
298 79 100 0.79
299 78 100 0.78
300 78 100 0.78
301 78 100 0.78
302 78 100 0.78
303 78 100 0.78
304 79 100 0.79
305 79 100 0.79
306 79 100 0.79
307 79 100 0.79
308 79 100 0.79
309 79 100 0.79
310 79 100 0.79
311 79 100 0.79
312 79 100 0.79
313 79 100 0.79
314 79 100 0.79
315 79 100 0.79
316 79 100 0.79
317 79 100 0.79
318 78 100 0.78
319 79 100 0.79
320 79 100 0.79
321 79 100 0.79
322 79 100 0.79
323 78 100 0.78
324 78 100 0.78
325 78 100 0.78
326 78 100 0.78
327 78 100 0.78
328 78 100 0.78
329 78 100 0.78
330 78 100 0.78
331 78 100 0.78
332 78 100 0.78
333 78 100 0.78
334 78 100 0.78
335 78 100 0.78
336 78 100 0.78
337 78 100 0.78
338 78 100 0.78
339 78 100 0.78
340 78 100 0.78
341 78 100 0.78
342 78 100 0.78
343 78 100 0.78
344 78 100 0.78
345 78 100 0.78
346 78 100 0.78
347 78 100 0.78
348 79 100 0.79
349 78 100 0.78
350 78 100 0.78
351 78 100 0.78
352 78 100 0.78
353 78 100 0.78
354 78 100 0.78
355 79 100 0.79
356 79 100 0.79
357 79 100 0.79
358 79 100 0.79
359 79 100 0.79
360 79 100 0.79
361 79 100 0.79
362 79 100 0.79
363 79 100 0.79
364 79 100 0.79
365 79 100 0.79
366 79 100 0.79
367 78 100 0.78
368 78 100 0.78
369 78 100 0.78
370 78 100 0.78
371 78 100 0.78
372 79 100 0.79
373 78 100 0.78
374 78 100 0.78
375 78 100 0.78
376 78 100 0.78
377 78 100 0.78
378 78 100 0.78
379 79 100 0.79
380 79 100 0.79
381 79 100 0.79
382 79 100 0.79
383 80 100 0.8
384 80 100 0.8
385 80 100 0.8
386 80 100 0.8
387 80 100 0.8
388 79 100 0.79
389 80 100 0.8
390 80 100 0.8
391 80 100 0.8
392 80 100 0.8
393 80 100 0.8
394 80 100 0.8
395 80 100 0.8
396 80 100 0.8
397 79 100 0.79
398 79 100 0.79
399 79 100 0.79
400 79 100 0.79
401 79 100 0.79
402 79 100 0.79
403 79 100 0.79
404 79 100 0.79
405 79 100 0.79
406 79 100 0.79
407 79 100 0.79
408 79 100 0.79
409 79 100 0.79
410 79 100 0.79
411 79 100 0.79
412 79 100 0.79
413 79 100 0.79
414 79 100 0.79
415 79 100 0.79
416 79 100 0.79
417 79 100 0.79
418 79 100 0.79
419 79 100 0.79
420 79 100 0.79
421 79 100 0.79
422 79 100 0.79
423 79 100 0.79
424 79 100 0.79
425 79 100 0.79
426 79 100 0.79
427 79 100 0.79
428 79 100 0.79
429 79 100 0.79
430 79 100 0.79
431 79 100 0.79
432 79 100 0.79
433 79 100 0.79
434 79 100 0.79
435 79 100 0.79
436 79 100 0.79
437 79 100 0.79
438 79 100 0.79
439 79 100 0.79
440 79 100 0.79
441 79 100 0.79
442 79 100 0.79
443 79 100 0.79
444 79 100 0.79
445 79 100 0.79
446 79 100 0.79
447 79 100 0.79
448 79 100 0.79
449 79 100 0.79
450 79 100 0.79
451 79 100 0.79
452 79 100 0.79
453 79 100 0.79
454 79 100 0.79
455 79 100 0.79
456 79 100 0.79
457 79 100 0.79
458 79 100 0.79
459 79 100 0.79
460 79 100 0.79
461 79 100 0.79
462 79 100 0.79
463 79 100 0.79
464 78 100 0.78
465 78 100 0.78
466 78 100 0.78
467 78 100 0.78
468 78 100 0.78
469 78 100 0.78
470 78 100 0.78
471 78 100 0.78
472 78 100 0.78
473 78 100 0.78
474 78 100 0.78
475 78 100 0.78
476 78 100 0.78
477 78 100 0.78
478 78 100 0.78
479 78 100 0.78
480 78 100 0.78
481 78 100 0.78
482 78 100 0.78
483 78 100 0.78
484 78 100 0.78
485 78 100 0.78
486 78 100 0.78
487 78 100 0.78
488 78 100 0.78
489 78 100 0.78
490 78 100 0.78
491 78 100 0.78
492 78 100 0.78
493 78 100 0.78
494 78 100 0.78
495 78 100 0.78
496 78 100 0.78
497 77 100 0.77
498 78 100 0.78
499 77 100 0.77
500 77 100 0.77
501 78 100 0.78
502 78 100 0.78
503 78 100 0.78
504 77 100 0.77
505 77 100 0.77
506 77 100 0.77
507 78 100 0.78
508 78 100 0.78
509 78 100 0.78
510 77 100 0.77
511 78 100 0.78
512 77 100 0.77
513 77 100 0.77
514 77 100 0.77
515 77 100 0.77
516 77 100 0.77
517 77 100 0.77
518 77 100 0.77
519 77 100 0.77
520 77 100 0.77
521 77 100 0.77
522 77 100 0.77
523 77 100 0.77
524 77 100 0.77
525 77 100 0.77
526 77 100 0.77
527 77 100 0.77
528 77 100 0.77
529 77 100 0.77
530 77 100 0.77
531 77 100 0.77
532 77 100 0.77
533 77 100 0.77
534 77 100 0.77
535 77 100 0.77
536 77 100 0.77
537 77 100 0.77
538 77 100 0.77
539 77 100 0.77
540 77 100 0.77
541 77 100 0.77
542 77 100 0.77
543 77 100 0.77
544 77 100 0.77
545 77 100 0.77
546 77 100 0.77
547 77 100 0.77
548 77 100 0.77
549 77 100 0.77
550 77 100 0.77
551 77 100 0.77
552 77 100 0.77
553 77 100 0.77
554 77 100 0.77
555 77 100 0.77
556 77 100 0.77
557 77 100 0.77
558 77 100 0.77
559 77 100 0.77
560 77 100 0.77
561 77 100 0.77
562 77 100 0.77
563 77 100 0.77
564 77 100 0.77
565 77 100 0.77
566 77 100 0.77
567 77 100 0.77
568 77 100 0.77
569 77 100 0.77
570 77 100 0.77
571 77 100 0.77
572 77 100 0.77
573 77 100 0.77
574 77 100 0.77
575 77 100 0.77
576 77 100 0.77
577 77 100 0.77
578 77 100 0.77
579 77 100 0.77
580 77 100 0.77
581 77 100 0.77
582 77 100 0.77
583 77 100 0.77
584 77 100 0.77
585 77 100 0.77
586 77 100 0.77
587 77 100 0.77
588 77 100 0.77
589 77 100 0.77
590 77 100 0.77
591 77 100 0.77
592 77 100 0.77
593 77 100 0.77
594 77 100 0.77
595 77 100 0.77
596 77 100 0.77
597 77 100 0.77
598 77 100 0.77
599 77 100 0.77
600 77 100 0.77
601 78 100 0.78
602 78 100 0.78
603 78 100 0.78
604 78 100 0.78
605 78 100 0.78
606 78 100 0.78
607 78 100 0.78
608 78 100 0.78
609 78 100 0.78
610 77 100 0.77
611 77 100 0.77
612 77 100 0.77
613 77 100 0.77
614 78 100 0.78
615 78 100 0.78
616 77 100 0.77
617 77 100 0.77
618 78 100 0.78
619 77 100 0.77
620 77 100 0.77
621 77 100 0.77
622 77 100 0.77
623 78 100 0.78
624 78 100 0.78
625 78 100 0.78
626 78 100 0.78
627 78 100 0.78
628 78 100 0.78
629 78 100 0.78
630 78 100 0.78
631 78 100 0.78
632 78 100 0.78
633 78 100 0.78
634 78 100 0.78
635 78 100 0.78
636 78 100 0.78
637 78 100 0.78
638 78 100 0.78
639 78 100 0.78
640 78 100 0.78
641 78 100 0.78
642 78 100 0.78
643 78 100 0.78
644 78 100 0.78
645 78 100 0.78
646 78 100 0.78
647 78 100 0.78
648 78 100 0.78
649 78 100 0.78
650 78 100 0.78
651 78 100 0.78
652 78 100 0.78
653 78 100 0.78
654 78 100 0.78
655 78 100 0.78
656 78 100 0.78
657 78 100 0.78
658 78 100 0.78
659 78 100 0.78
660 78 100 0.78
661 78 100 0.78
662 78 100 0.78
663 78 100 0.78
664 78 100 0.78
665 78 100 0.78
666 78 100 0.78
667 78 100 0.78
668 78 100 0.78
669 78 100 0.78
670 78 100 0.78
671 78 100 0.78
672 78 100 0.78
673 78 100 0.78
674 78 100 0.78
675 78 100 0.78
676 78 100 0.78
677 78 100 0.78
678 78 100 0.78
679 78 100 0.78
680 78 100 0.78
681 78 100 0.78
682 78 100 0.78
683 78 100 0.78
684 78 100 0.78
685 78 100 0.78
686 78 100 0.78
687 78 100 0.78
688 78 100 0.78
689 78 100 0.78
690 78 100 0.78
691 78 100 0.78
692 78 100 0.78
693 78 100 0.78
694 78 100 0.78
695 78 100 0.78
696 78 100 0.78
697 78 100 0.78
698 78 100 0.78
699 78 100 0.78
700 78 100 0.78
701 78 100 0.78
702 78 100 0.78
703 78 100 0.78
704 78 100 0.78
705 78 100 0.78
706 78 100 0.78
707 78 100 0.78
708 78 100 0.78
709 78 100 0.78
710 78 100 0.78
711 78 100 0.78
712 78 100 0.78
713 78 100 0.78
714 78 100 0.78
715 78 100 0.78
716 78 100 0.78
717 78 100 0.78
718 78 100 0.78
719 78 100 0.78
720 78 100 0.78
721 78 100 0.78
722 78 100 0.78
723 78 100 0.78
724 78 100 0.78
725 78 100 0.78
726 78 100 0.78
727 78 100 0.78
728 78 100 0.78
729 78 100 0.78
730 78 100 0.78
731 78 100 0.78
732 78 100 0.78
733 78 100 0.78
734 78 100 0.78
735 78 100 0.78
736 78 100 0.78
737 78 100 0.78
738 78 100 0.78
739 78 100 0.78
740 78 100 0.78
741 78 100 0.78
742 78 100 0.78
743 78 100 0.78
744 78 100 0.78
745 78 100 0.78
746 78 100 0.78
747 78 100 0.78
748 78 100 0.78
749 78 100 0.78
750 78 100 0.78
751 78 100 0.78
752 78 100 0.78
753 78 100 0.78
754 78 100 0.78
755 78 100 0.78
756 78 100 0.78
757 78 100 0.78
758 78 100 0.78
759 78 100 0.78
760 78 100 0.78
761 78 100 0.78
762 78 100 0.78
763 78 100 0.78
764 78 100 0.78
765 78 100 0.78
766 78 100 0.78
767 78 100 0.78
768 78 100 0.78
769 78 100 0.78
770 78 100 0.78
771 78 100 0.78
772 78 100 0.78
773 78 100 0.78
774 78 100 0.78
775 78 100 0.78
776 78 100 0.78
777 78 100 0.78
778 78 100 0.78
779 78 100 0.78
780 78 100 0.78
781 78 100 0.78
782 78 100 0.78
783 78 100 0.78
784 78 100 0.78
785 78 100 0.78
786 78 100 0.78
787 78 100 0.78
788 78 100 0.78
789 78 100 0.78
790 78 100 0.78
791 78 100 0.78
792 78 100 0.78
793 78 100 0.78
794 78 100 0.78
795 78 100 0.78
796 78 100 0.78
797 78 100 0.78
798 78 100 0.78
799 78 100 0.78
800 78 100 0.78
801 78 100 0.78
802 78 100 0.78
803 78 100 0.78
804 78 100 0.78
805 78 100 0.78
806 78 100 0.78
807 78 100 0.78
808 78 100 0.78
809 78 100 0.78
810 78 100 0.78
811 78 100 0.78
812 78 100 0.78
813 78 100 0.78
814 78 100 0.78
815 78 100 0.78
816 78 100 0.78
817 78 100 0.78
818 78 100 0.78
819 78 100 0.78
820 78 100 0.78
821 78 100 0.78
822 78 100 0.78
823 78 100 0.78
824 78 100 0.78
825 78 100 0.78
826 78 100 0.78
827 78 100 0.78
828 78 100 0.78
829 78 100 0.78
830 78 100 0.78
831 78 100 0.78
832 78 100 0.78
833 78 100 0.78
834 78 100 0.78
835 78 100 0.78
836 78 100 0.78
837 78 100 0.78
838 78 100 0.78
839 78 100 0.78
840 78 100 0.78
841 78 100 0.78
842 78 100 0.78
843 78 100 0.78
844 78 100 0.78
845 78 100 0.78
846 78 100 0.78
847 78 100 0.78
848 78 100 0.78
849 78 100 0.78
850 78 100 0.78
851 78 100 0.78
852 78 100 0.78
853 78 100 0.78
854 78 100 0.78
855 78 100 0.78
856 78 100 0.78
857 78 100 0.78
858 78 100 0.78
859 78 100 0.78
860 78 100 0.78
861 79 100 0.79
862 79 100 0.79
863 79 100 0.79
864 79 100 0.79
865 79 100 0.79
866 78 100 0.78
867 78 100 0.78
868 78 100 0.78
869 78 100 0.78
870 79 100 0.79
871 79 100 0.79
872 79 100 0.79
873 79 100 0.79
874 79 100 0.79
875 79 100 0.79
876 79 100 0.79
877 79 100 0.79
878 79 100 0.79
879 79 100 0.79
880 78 100 0.78
881 78 100 0.78
882 78 100 0.78
883 78 100 0.78
884 78 100 0.78
885 78 100 0.78
886 78 100 0.78
887 78 100 0.78
888 78 100 0.78
889 78 100 0.78
890 78 100 0.78
891 78 100 0.78
892 78 100 0.78
893 78 100 0.78
894 78 100 0.78
895 78 100 0.78
896 78 100 0.78
897 78 100 0.78
898 78 100 0.78
899 78 100 0.78
900 78 100 0.78
901 78 100 0.78
902 78 100 0.78
903 78 100 0.78
904 78 100 0.78
905 79 100 0.79
906 78 100 0.78
907 78 100 0.78
908 78 100 0.78
909 78 100 0.78
910 78 100 0.78
911 78 100 0.78
912 78 100 0.78
913 78 100 0.78
914 78 100 0.78
915 78 100 0.78
916 78 100 0.78
917 78 100 0.78
918 78 100 0.78
919 78 100 0.78
920 78 100 0.78
921 78 100 0.78
922 78 100 0.78
923 78 100 0.78
924 78 100 0.78
925 78 100 0.78
926 78 100 0.78
927 78 100 0.78
928 78 100 0.78
929 78 100 0.78
930 78 100 0.78
931 78 100 0.78
932 78 100 0.78
933 78 100 0.78
934 78 100 0.78
935 78 100 0.78
936 78 100 0.78
937 78 100 0.78
938 78 100 0.78
939 78 100 0.78
940 78 100 0.78
941 78 100 0.78
942 78 100 0.78
943 78 100 0.78
944 78 100 0.78
945 78 100 0.78
946 78 100 0.78
947 78 100 0.78
948 78 100 0.78
949 78 100 0.78
950 78 100 0.78
951 78 100 0.78
952 78 100 0.78
953 78 100 0.78
954 78 100 0.78
955 78 100 0.78
956 78 100 0.78
957 78 100 0.78
958 78 100 0.78
959 78 100 0.78
960 77 100 0.77
961 78 100 0.78
962 77 100 0.77
963 77 100 0.77
964 77 100 0.77
965 77 100 0.77
966 78 100 0.78
967 78 100 0.78
968 78 100 0.78
969 78 100 0.78
970 78 100 0.78
971 78 100 0.78
972 78 100 0.78
973 78 100 0.78
974 78 100 0.78
975 78 100 0.78
976 78 100 0.78
977 78 100 0.78
978 78 100 0.78
979 78 100 0.78
980 78 100 0.78
981 78 100 0.78
982 78 100 0.78
983 78 100 0.78
984 78 100 0.78
985 78 100 0.78
986 78 100 0.78
987 78 100 0.78
988 78 100 0.78
989 78 100 0.78
990 79 100 0.79
991 79 100 0.79
992 79 100 0.79
993 79 100 0.79
994 79 100 0.79
995 79 100 0.79
996 79 100 0.79
997 79 100 0.79
998 79 100 0.79
999 79 100 0.79
1000 79 100 0.79
